82.88596139888591 34.149396583448244 0.2752227179264848
106.1678360378676 73.19934042468512 1.0798531573715118
147.46426864963183 43.193555466760756 0.3352895347485218
99.00130481326671 88.94832610261122 1.2066435653388943
53.67495205116162 67.27854238497184 0.3082380725189543
121.34282173461142 51.32773067143561 0.7162322776656653
124.95870886000293 8.308720688950878 0.39145115597068075
92.27118498989927 41.413482420489885 0.8991473282300032
86.94278124376046 5.054645410399061 0.35267025661602447
103.24097083783298 82.2165433908442 1.1026463803729456
136.65499159043833 80.21724299307233 0.28484114733510474
71.02266673451942 68.49876263292364 0.6545357349490135
52.092518686042496 38.589382910639735 0.33343289639858914
84.0856039169565 26.02935624217332 0.6511421366574651
67.51887891087902 19.592355138102093 0.32622618586336966
90.50978366150485 33.6085254947309 0.8495425939242297
104.77294660718768 15.325283308219229 0.2570152515811129
134.8874837901558 51.89054510891424 0.479986941353883
147.99689629079074 62.298009030965474 0.34199895017610327
99.36376036562775 96.06104262676779 1.214165586190838
84.18523259646769 97.14496314113346 0.21298463490162045
85.20492299245117 75.77460948724652 0.6995471168610146
83.52643255674906 58.39158813942795 0.23585941582922026
90.9788834868423 83.10162184295602 0.7253271670595982
69.02988554889633 86.6200123194918 0.2914997570988594
128.94201012080686 32.25334854214574 0.5559413935497292
142.0974461447147 25.96309386986617 0.33483846347501395
100.66769689276721 86.77161998749236 1.112061512442466
118.17182805352122 96.11838692676736 0.2799675865398433
99.80503411122585 53.91913752980115 0.9180109516863942
109.16340558292322 34.3917405684099 0.30983127534694427
64.29867797339259 49.61934390647519 0.5118027092764896
67.13451891476998 36.48058318576615 0.3368055134069362
101.9825052480233 17.866844835439853 0.5978947294976421
111.5925820614968 2.0162738816499326 0.37730023546102187
114.17336766864247 64.21981902652351 0.7558611948076961
129.11861942456628 67.96763672010815 0.2555809090498714
87.69996740949217 40.825374465431715 0.42044503745617406
78.50379481636534 46.663874646553126 0.2858256415796093
123.95850460618375 23.16682962569725 0.4583936763222091
116.46354341972724 21.722407189895264 0.331217519607471
82.09984951336025 15.71793358364226 0.5052430596946359
73.75531492064596 8.178812026687643 0.3348937978509349
64.06464773533644 71.01681294257642 0.3801792495919883
60.33532855285571 79.4920909430193 0.29496703505596583
65.70742222547685 59.35072786721767 0.5866217136652427
50.23977864578528 54.850997715616124 0.30332557686829065
131.25262887062632 77.71908601170107 0.3947022283214401
141.16847504716637 71.49834921678683 0.3373149600575714
103.99099101094129 8.918278308104126 0.4713758807688623
99.98107738541108 0.20779267833404003 0.3709077213825294
58.92121379218468 41.499988898369345 0.4576568047221887
56.563848324325065 27.97667639641499 0.38882810412687113
120.13364924280955 81.630066067369 0.43344138053553277
128.27962244528848 87.67065745113986 0.2711730016114995
133.89691420400817 27.1890548234484 0.42266149497387334
134.85590692409477 18.82728808224019 0.3360924943834672
126.42846465542992 41.53714239838877 0.6151313649217001
138.76663537790915 37.275985338811715 0.24163365116142882
97.0564336373433 22.466365773700566 0.6959348751622088
94.57271580017364 10.551885998385302 0.25212557828501025
117.4137633712385 57.463778237573685 0.7283237381331019
113.47737891302447 46.805513993901116 0.2664851300176316
103.82444109193946 14.289395019612451 0.5816251105652984
113.84620003239144 12.792529160589527 0.31776542409788194
123.43490083001214 46.185969693184006 0.6356509112071168
118.23243607122464 35.27793610112893 0.28876450237042717
88.71742450189936 79.72138216527256 0.709281101633799
93.82375927167024 70.89754383383638 0.2437951005104948
68.83542257519763 63.636184045923365 0.6086385177060434
73.49011787925303 53.1276167584922 0.286811480999826
82.19805571676221 42.163252544903884 0.3767504966350651
74.39632477766807 39.712488929345604 0.31115566482895524
99.42347083013146 20.915348984902792 0.6256049966712571
108.15917807592166 25.761181615991102 0.31452945808471433
77.20794231120475 26.061615089272912 0.527884686061474
73.17246068370726 30.85201121369041 0.28994742236758486
102.783805648206 64.32262178904891 0.9339473950385904
92.66312238972505 63.14374205980269 0.24765515638262536
91.80167138977392 38.32538026948578 0.8673953040155746
98.88707976750146 35.919699343272214 0.22930447804919354
96.21944036847684 48.66016352766297 0.9060927905701087
87.22302877127987 51.19180592871331 0.2570069336174796
109.90860723734681 69.46261394399593 0.7632063276516491
117.58603053324576 72.75051503778494 0.23338493561507614
142.67957394326407 55.0349567770462 0.4177239612065962
149.35712921547577 53.16912423582907 0.32039247448748653
71.87181310571869 25.095021026199266 0.49694914637971627
64.40134037013803 29.104129611061236 0.3289354406024605
136.90153845265624 37.966892810323856 0.39350380667702856
146.2556366632272 34.891778918794735 0.3604315115443996
124.85013934648043 64.92526544606002 0.357001729253746
135.20999819355967 61.71025901422227 0.30654151056079904
56.03046500774368 54.35045063396019 0.4077821663195161
50.25524015100415 46.98250182710528 0.3417119241892686
78.04599325250773 72.6446154118309 0.6666027240899177
70.22841172883234 77.23393957923366 0.25091289287453317
101.68485462519554 59.75293948322892 0.9281062896707353
108.43007642057493 55.36769489770486 0.23699601788914704
76.29484647973061 12.593309627429138 0.43987229124824284
69.32303640302737 12.387401951000122 0.36228540305708795
95.86463699787878 36.29081761280527 0.340484030325466
103.09134846398655 30.752317789835757 0.30152976643188045
67.54676678680622 25.691809653078643 0.4448089109572576
60.353117960356386 22.737687464827093 0.37424695892766174
100.78842287192124 57.28128342867741 0.9229262553134975
93.67771270844621 56.62257238663373 0.23204036078117052
86.74109420667145 96.00176971902559 0.32095151719255216
77.86275808465251 93.97534745195111 0.28602450708214355
109.5572692338969 12.017189310515773 0.45146713446704956
117.04739168492463 5.352525284743637 0.3913407122125167
95.0139465933119 11.937762219882423 0.4119059583194412
93.96539251594061 4.692176975180096 0.3776486984689053
82.86139537038827 60.81669629621677 0.358625532427065
79.77223233277604 52.78854227985788 0.320762713984036
107.63439385837921 93.26910804987293 0.3259675745117231
108.00619130668281 98.51571799745756 0.23325713253832356
95.23969648376273 18.788526529157956 0.45177669669599113
89.98470293466325 18.730706158882082 0.2815642063903963
