82.88596139888591 34.149396583448244 1
147.46426864963183 43.193555466760756 2.3656053890608493
53.67495205116162 67.27854238497184 3.18359847974578
124.95870886000293 8.308720688950878 2.5191928862383617
86.94278124376046 5.054645410399061 2.252288726193101
136.65499159043833 80.21724299307233 4.395324894247147
52.092518686042496 38.589382910639735 2.4318052567913466
67.51887891087902 19.592355138102093 3.0592141236243426
104.77294660718768 15.325283308219229 3.7666072134982462
147.99689629079074 62.298009030965474 2.7289165794539527
84.18523259646769 97.14496314113346 6.162411383455893
83.52643255674906 58.39158813942795 3.6466248198984945
69.02988554889633 86.6200123194918 4.001270076270457
142.0974461447147 25.96309386986617 3.2540988239348536
118.17182805352122 96.11838692676736 6.171334440223246
109.16340558292322 34.3917405684099 4.8075792128607455
67.13451891476998 36.48058318576615 3.172694361132631
111.5925820614968 2.0162738816499326 2.443631787810663
129.11861942456628 67.96763672010815 4.911673871705259
78.50379481636534 46.663874646553126 2.4988448777437737
116.46354341972724 21.722407189895264 3.453686176576742
73.75531492064596 8.178812026687643 3.2579914079262053
60.33532855285571 79.4920909430193 2.7889341154641634
50.23977864578528 54.850997715616124 4.040527856837832
141.16847504716637 71.49834921678683 2.543812143038609
99.98107738541108 0.20779267833404003 3.5605565330655513
56.563848324325065 27.97667639641499 3.0127519728284256
128.27962244528848 87.67065745113986 3.592651486999676
134.85590692409477 18.82728808224019 3.0508243266423305
138.76663537790915 37.275985338811715 5.096237880681546
94.57271580017364 10.551885998385302 4.759716458012971
113.47737891302447 46.805513993901116 6.0593139984259
113.84620003239144 12.792529160589527 4.495441246036867
118.23243607122464 35.27793610112893 5.471264453284423
93.82375927167024 70.89754383383638 5.861809334957323
73.49011787925303 53.1276167584922 5.191660096077059
74.39632477766807 39.712488929345604 2.7073950634081756
108.15917807592166 25.761181615991102 5.288809745339286
73.17246068370726 30.85201121369041 3.3819389205065615
92.66312238972505 63.14374205980269 7.634465662192732
98.88707976750146 35.919699343272214 7.12292832371946
87.22302877127987 51.19180592871331 7.657089085237385
117.58603053324576 72.75051503778494 6.762968039123779
149.35712921547577 53.16912423582907 3.30061199170082
64.40134037013803 29.104129611061236 3.310558451014956
146.2556366632272 34.891778918794735 2.3389702188524013
135.20999819355967 61.71025901422227 2.480973391973377
50.25524015100415 46.98250182710528 2.9408033299334106
70.22841172883234 77.23393957923366 6.3831736113741
108.43007642057493 55.36769489770486 8.223281417553977
69.32303640302737 12.387401951000122 3.3151274960799118
103.09134846398655 30.752317789835757 2.2677958401623464
60.353117960356386 22.737687464827093 3.253225953821803
93.67771270844621 56.62257238663373 8.704232134082323
77.86275808465251 93.97534745195111 2.1069251058673024
117.04739168492463 5.352525284743637 3.15722446982605
93.96539251594061 4.692176975180096 2.4857860292222345
79.77223233277604 52.78854227985788 2.348392147959217
108.00619130668281 98.51571799745756 2.793932116177163
89.98470293466325 18.730706158882082 4.119059583194414
