87.69996740949217 40.825374465431715 0.2752227179264848
103.24097083783298 82.2165433908442 1.0798531573715118
134.8874837901558 51.89054510891424 0.3352895347485218
99.36376036562775 96.06104262676779 1.2066435653388943
64.06464773533644 71.01681294257642 0.3082380725189543
117.4137633712385 57.463778237573685 0.7162322776656653
123.95850460618375 23.16682962569725 0.39145115597068075
96.21944036847684 48.66016352766297 0.8991473282300032
82.09984951336025 15.71793358364226 0.35267025661602447
100.66769689276721 86.77161998749236 1.1026463803729456
131.25262887062632 77.71908601170107 0.28484114733510474
78.04599325250773 72.6446154118309 0.6545357349490135
58.92121379218468 41.499988898369345 0.33343289639858914
90.50978366150485 33.6085254947309 0.6511421366574651
71.87181310571869 25.095021026199266 0.32622618586336966
91.80167138977392 38.32538026948578 0.8495425939242297
101.9825052480233 17.866844835439853 0.2570152515811129
121.34282173461142 51.32773067143561 0.479986941353883
142.67957394326407 55.0349567770462 0.34199895017610327
100 100 1.214165586190838
86.74109420667145 96.00176971902559 0.21298463490162045
88.71742450189936 79.72138216527256 0.6995471168610146
82.86139537038827 60.81669629621677 0.23585941582922026
99.00130481326671 88.94832610261122 0.7253271670595982
90.9788834868423 83.10162184295602 0.2914997570988594
126.42846465542992 41.53714239838877 0.5559413935497292
133.89691420400817 27.1890548234484 0.33483846347501395
99.00130481326671 88.94832610261122 1.112061512442466
107.63439385837921 93.26910804987293 0.2799675865398433
100.78842287192124 57.28128342867741 0.9180109516863942
99.80503411122585 53.91913752980115 0.30983127534694427
65.70742222547685 59.35072786721767 0.5118027092764896
64.29867797339259 49.61934390647519 0.3368055134069362
99.42347083013146 20.915348984902792 0.5978947294976421
103.99099101094129 8.918278308104126 0.37730023546102187
109.90860723734681 69.46261394399593 0.7558611948076961
124.85013934648043 64.92526544606002 0.2555809090498714
92.27118498989927 41.413482420489885 0.42044503745617406
82.19805571676221 42.163252544903884 0.2858256415796093
128.94201012080686 32.25334854214574 0.4583936763222091
123.95850460618375 23.16682962569725 0.331217519607471
84.0856039169565 26.02935624217332 0.5052430596946359
76.29484647973061 12.593309627429138 0.3348937978509349
71.02266673451942 68.49876263292364 0.3801792495919883
64.06464773533644 71.01681294257642 0.29496703505596583
68.83542257519763 63.636184045923365 0.5866217136652427
56.03046500774368 54.35045063396019 0.30332557686829065
120.13364924280955 81.630066067369 0.3947022283214401
131.25262887062632 77.71908601170107 0.3373149600575714
103.82444109193946 14.289395019612451 0.4713758807688623
103.99099101094129 8.918278308104126 0.3709077213825294
64.29867797339259 49.61934390647519 0.4576568047221887
58.92121379218468 41.499988898369345 0.38882810412687113
103.24097083783298 82.2165433908442 0.43344138053553277
120.13364924280955 81.630066067369 0.2711730016114995
128.94201012080686 32.25334854214574 0.42266149497387334
133.89691420400817 27.1890548234484 0.3360924943834672
123.43490083001214 46.185969693184006 0.6151313649217001
136.90153845265624 37.966892810323856 0.24163365116142882
90.50978366150485 33.6085254947309 0.6959348751622088
95.0139465933119 11.937762219882423 0.25212557828501025
114.17336766864247 64.21981902652351 0.7283237381331019
117.4137633712385 57.463778237573685 0.2664851300176316
101.9825052480233 17.866844835439853 0.5816251105652984
109.5572692338969 12.017189310515773 0.31776542409788194
121.34282173461142 51.32773067143561 0.6356509112071168
123.43490083001214 46.185969693184006 0.28876450237042717
90.9788834868423 83.10162184295602 0.709281101633799
88.71742450189936 79.72138216527256 0.2437951005104948
71.02266673451942 68.49876263292364 0.6086385177060434
68.83542257519763 63.636184045923365 0.286811480999826
87.69996740949217 40.825374465431715 0.3767504966350651
82.19805571676221 42.163252544903884 0.31115566482895524
97.0564336373433 22.466365773700566 0.6256049966712571
99.42347083013146 20.915348984902792 0.31452945808471433
84.0856039169565 26.02935624217332 0.527884686061474
77.20794231120475 26.061615089272912 0.28994742236758486
106.1678360378676 73.19934042468512 0.9339473950385904
102.783805648206 64.32262178904891 0.24765515638262536
92.27118498989927 41.413482420489885 0.8673953040155746
95.86463699787878 36.29081761280527 0.22930447804919354
99.80503411122585 53.91913752980115 0.9060927905701087
96.21944036847684 48.66016352766297 0.2570069336174796
106.1678360378676 73.19934042468512 0.7632063276516491
109.90860723734681 69.46261394399593 0.23338493561507614
134.8874837901558 51.89054510891424 0.4177239612065962
142.67957394326407 55.0349567770462 0.32039247448748653
77.20794231120475 26.061615089272912 0.49694914637971627
67.54676678680622 25.691809653078643 0.3289354406024605
126.42846465542992 41.53714239838877 0.39350380667702856
136.90153845265624 37.966892810323856 0.3604315115443996
114.17336766864247 64.21981902652351 0.357001729253746
124.85013934648043 64.92526544606002 0.30654151056079904
65.70742222547685 59.35072786721767 0.4077821663195161
56.03046500774368 54.35045063396019 0.3417119241892686
85.20492299245117 75.77460948724652 0.6666027240899177
78.04599325250773 72.6446154118309 0.25091289287453317
102.783805648206 64.32262178904891 0.9281062896707353
101.68485462519554 59.75293948322892 0.23699601788914704
82.09984951336025 15.71793358364226 0.43987229124824284
76.29484647973061 12.593309627429138 0.36228540305708795
91.80167138977392 38.32538026948578 0.340484030325466
95.86463699787878 36.29081761280527 0.30152976643188045
71.87181310571869 25.095021026199266 0.4448089109572576
67.54676678680622 25.691809653078643 0.37424695892766174
101.68485462519554 59.75293948322892 0.9229262553134975
100.78842287192124 57.28128342867741 0.23204036078117052
99.36376036562775 96.06104262676779 0.32095151719255216
86.74109420667145 96.00176971902559 0.28602450708214355
103.82444109193946 14.289395019612451 0.45146713446704956
109.5572692338969 12.017189310515773 0.3913407122125167
95.23969648376273 18.788526529157956 0.4119059583194412
95.0139465933119 11.937762219882423 0.3776486984689053
85.20492299245117 75.77460948724652 0.358625532427065
82.86139537038827 60.81669629621677 0.320762713984036
100.66769689276721 86.77161998749236 0.3259675745117231
107.63439385837921 93.26910804987293 0.23325713253832356
97.0564336373433 22.466365773700566 0.45177669669599113
95.23969648376273 18.788526529157956 0.2815642063903963
