1 0  
0 2  
2 3  
3 4  
4 5  
5 6  
6 7  
7 8  
8 9  
9 10  
10 11  
11 12  
12 13  
13 14  
14 15  
14 16  
16 17  
17 18  
17 19  
16 20  
13 21  
21 22  
22 23  
23 24  
24 25  
25 26  
26 27  
27 28  
28 29  
29 30  
29 31  
28 32  
27 33  
33 34  
34 35  
35 36  
36 37  
36 38  
35 39  
39 40  
40 41  
40 42  
39 43  
34 44  
44 45  
45 46  
46 47  
46 48  
48 49  
49 50  
49 51  
48 52  
52 53  
53 54  
53 55  
55 56  
55 57  
57 58  
57 59  
52 60  
45 61  
61 62  
61 63  
63 64  
63 65  
44 66  
33 67  
26 68  
25 69  
24 70  
70 71  
71 72  
72 73  
73 74  
73 75  
72 76  
71 77  
77 78  
77 79  
70 80  
23 81  
81 82  
82 83  
83 84  
84 85  
84 86  
86 87  
87 88  
87 89  
86 90  
83 91  
91 92  
91 93  
82 94  
94 95  
95 96  
95 97  
94 98  
81 99  
22 100  
100 101  
100 102  
102 103  
102 104  
21 105  
12 106  
106 107  
107 108  
108 109  
109 110  
110 111  
110 112  
109 113  
113 114  
114 115  
115 116  
116 117  
117 118  
117 119  
119 120  
120 121  
120 122  
119 123  
116 124  
115 125  
125 126  
125 127  
114 128  
128 129  
129 130  
130 131  
131 132  
131 133  
130 134  
129 135  
128 136  
136 137  
136 138  
113 139  
139 140  
140 141  
140 142  
139 143  
108 144  
107 145  
145 146  
146 147  
147 148  
148 149  
149 150  
150 151  
151 152  
152 153  
153 154  
154 155  
155 156  
155 157  
157 158  
158 159  
159 160  
159 161  
161 162  
161 163  
158 164  
164 165  
164 166  
157 167  
154 168  
153 169  
169 170  
170 171  
171 172  
171 173  
173 174  
173 175  
170 176  
176 177  
176 178  
169 179  
152 180  
151 181  
150 182  
182 183  
183 184  
183 185  
182 186  
186 187  
187 188  
188 189  
188 190  
190 191  
190 192  
187 193  
186 194  
149 195  
195 196  
195 197  
148 198  
198 199  
199 200  
200 201  
200 202  
199 203  
203 204  
203 205  
205 206  
205 207  
207 208  
207 209  
198 210  
147 211  
211 212  
212 213  
212 214  
214 215  
214 216  
211 217  
217 218  
217 219  
146 220  
145 221  
221 222  
222 223  
222 224  
221 225  
106 226  
226 227  
226 228  
11 229  
10 230  
230 231  
231 232  
232 233  
233 234  
234 235  
235 236  
236 237  
237 238  
238 239  
239 240  
240 241  
241 242  
242 243  
243 244  
244 245  
245 246  
246 247  
247 248  
248 249  
249 250  
250 251  
251 252  
252 253  
252 254  
251 255  
255 256  
256 257  
256 258  
255 259  
259 260  
260 261  
260 262  
259 263  
250 264  
249 265  
248 266  
266 267  
267 268  
268 269  
269 270  
269 271  
268 272  
267 273  
273 274  
274 275  
275 276  
275 277  
277 278  
278 279  
278 280  
280 281  
280 282  
277 283  
274 284  
284 285  
284 286  
273 287  
287 288  
288 289  
289 290  
289 291  
288 292  
287 293  
266 294  
247 295  
295 296  
295 297  
297 298  
298 299  
299 300  
300 301  
300 302  
299 303  
298 304  
297 305  
305 306  
306 307  
307 308  
308 309  
308 310  
307 311  
306 312  
305 313  
246 314  
314 315  
315 316  
315 317  
314 318  
245 319  
319 320  
320 321  
321 322  
322 323  
323 324  
324 325  
325 326  
326 327  
327 328  
327 329  
329 330  
329 331  
331 332  
331 333  
326 334  
334 335  
334 336  
325 337  
324 338  
338 339  
338 340  
323 341  
322 342  
342 343  
342 344  
344 345  
344 346  
321 347  
347 348  
348 349  
349 350  
349 351  
348 352  
352 353  
352 354  
347 355  
320 356  
356 357  
357 358  
357 359  
359 360  
360 361  
361 362  
361 363  
363 364  
363 365  
360 366  
359 367  
356 368  
319 369  
369 370  
369 371  
371 372  
371 373  
244 374  
243 375  
375 376  
376 377  
377 378  
378 379  
378 380  
380 381  
381 382  
381 383  
383 384  
384 385  
384 386  
383 387  
387 388  
387 389  
380 390  
377 391  
376 392  
392 393  
393 394  
393 395  
392 396  
396 397  
397 398  
398 399  
398 400  
397 401  
396 402  
402 403  
402 404  
375 405  
242 406  
406 407  
407 408  
408 409  
408 410  
410 411  
411 412  
411 413  
410 414  
407 415  
406 416  
416 417  
416 418  
241 419  
240 420  
420 421  
420 422  
239 423  
423 424  
424 425  
425 426  
426 427  
427 428  
428 429  
429 430  
430 431  
431 432  
432 433  
433 434  
434 435  
435 436  
436 437  
437 438  
438 439  
439 440  
439 441  
438 442  
442 443  
442 444  
437 445  
436 446  
446 447  
446 448  
435 449  
434 450  
433 451  
451 452  
452 453  
453 454  
454 455  
454 456  
456 457  
456 458  
453 459  
452 460  
460 461  
461 462  
462 463  
462 464  
464 465  
465 466  
466 467  
467 468  
467 469  
466 470  
470 471  
471 472  
471 473  
473 474  
473 475  
470 476  
465 477  
464 478  
478 479  
478 480  
461 481  
460 482  
482 483  
483 484  
484 485  
485 486  
486 487  
487 488  
487 489  
489 490  
490 491  
490 492  
489 493  
486 494  
485 495  
484 496  
496 497  
497 498  
497 499  
496 500  
483 501  
501 502  
501 503  
482 504  
451 505  
432 506  
506 507  
507 508  
507 509  
509 510  
510 511  
511 512  
512 513  
512 514  
514 515  
514 516  
511 517  
517 518  
518 519  
518 520  
517 521  
510 522  
522 523  
522 524  
509 525  
506 526  
431 527  
527 528  
528 529  
529 530  
530 531  
531 532  
532 533  
533 534  
534 535  
535 536  
536 537  
536 538  
538 539  
539 540  
539 541  
541 542  
542 543  
542 544  
541 545  
545 546  
545 547  
538 548  
535 549  
549 550  
550 551  
551 552  
552 553  
553 554  
553 555  
552 556  
551 557  
550 558  
558 559  
559 560  
559 561  
558 562  
562 563  
562 564  
549 565  
565 566  
566 567  
566 568  
565 569  
534 570  
570 571  
571 572  
572 573  
572 574  
571 575  
570 576  
533 577  
577 578  
577 579  
532 580  
580 581  
581 582  
581 583  
580 584  
531 585  
530 586  
529 587  
528 588  
527 589  
430 590  
590 591  
591 592  
592 593  
592 594  
591 595  
595 596  
596 597  
596 598  
598 599  
599 600  
599 601  
598 602  
595 603  
590 604  
604 605  
605 606  
605 607  
604 608  
429 609  
609 610  
609 611  
611 612  
612 613  
612 614  
614 615  
614 616  
611 617  
428 618  
618 619  
618 620  
427 621  
621 622  
621 623  
426 624  
624 625  
625 626  
625 627  
624 628  
628 629  
628 630  
630 631  
630 632  
425 633  
633 634  
634 635  
634 636  
636 637  
637 638  
637 639  
636 640  
640 641  
641 642  
641 643  
640 644  
644 645  
645 646  
646 647  
646 648  
645 649  
644 650  
633 651  
651 652  
651 653  
424 654  
423 655  
655 656  
656 657  
656 658  
658 659  
658 660  
660 661  
661 662  
661 663  
660 664  
655 665  
238 666  
237 667  
667 668  
667 669  
236 670  
670 671  
670 672  
235 673  
673 674  
674 675  
675 676  
676 677  
677 678  
678 679  
679 680  
680 681  
681 682  
682 683  
683 684  
684 685  
685 686  
686 687  
687 688  
688 689  
689 690  
689 691  
688 692  
687 693  
693 694  
694 695  
695 696  
696 697  
696 698  
698 699  
698 700  
695 701  
694 702  
702 703  
703 704  
704 705  
704 706  
703 707  
702 708  
708 709  
708 710  
693 711  
711 712  
712 713  
712 714  
711 715  
686 716  
716 717  
717 718  
718 719  
719 720  
720 721  
721 722  
721 723  
723 724  
724 725  
724 726  
723 727  
727 728  
728 729  
729 730  
730 731  
730 732  
729 733  
728 734  
727 735  
735 736  
735 737  
720 738  
719 739  
718 740  
717 741  
716 742  
685 743  
743 744  
743 745  
745 746  
745 747  
684 748  
748 749  
749 750  
750 751  
751 752  
752 753  
753 754  
754 755  
754 756  
753 757  
757 758  
758 759  
759 760  
759 761  
758 762  
757 763  
752 764  
751 765  
765 766  
765 767  
750 768  
749 769  
769 770  
770 771  
771 772  
772 773  
773 774  
774 775  
774 776  
776 777  
776 778  
773 779  
779 780  
780 781  
781 782  
781 783  
780 784  
779 785  
772 786  
771 787  
787 788  
788 789  
788 790  
787 791  
770 792  
792 793  
793 794  
794 795  
794 796  
796 797  
797 798  
797 799  
796 800  
793 801  
792 802  
769 803  
803 804  
804 805  
805 806  
805 807  
807 808  
808 809  
809 810  
809 811  
808 812  
807 813  
804 814  
814 815  
814 816  
803 817  
748 818  
683 819  
819 820  
819 821  
682 822  
822 823  
823 824  
824 825  
824 826  
826 827  
827 828  
827 829  
826 830  
823 831  
822 832  
681 833  
833 834  
833 835  
680 836  
679 837  
678 838  
838 839  
839 840  
840 841  
841 842  
842 843  
843 844  
844 845  
845 846  
846 847  
847 848  
848 849  
849 850  
849 851  
848 852  
852 853  
852 854  
847 855  
855 856  
855 857  
846 858  
845 859  
844 860  
860 861  
860 862  
843 863  
842 864  
841 865  
865 866  
865 867  
867 868  
868 869  
869 870  
869 871  
871 872  
871 873  
873 874  
873 875  
868 876  
876 877  
876 878  
867 879  
840 880  
839 881  
881 882  
881 883  
838 884  
884 885  
884 886  
677 887  
887 888  
887 889  
889 890  
889 891  
676 892  
892 893  
893 894  
893 895  
895 896  
896 897  
896 898  
898 899  
898 900  
895 901  
892 902  
675 903  
903 904  
904 905  
905 906  
906 907  
907 908  
907 909  
909 910  
910 911  
910 912  
912 913  
912 914  
909 915  
906 916  
916 917  
916 918  
918 919  
918 920  
905 921  
904 922  
903 923  
674 924  
673 925  
234 926  
233 927  
232 928  
928 929  
928 930  
930 931  
930 932  
231 933  
933 934  
934 935  
935 936  
936 937  
937 938  
938 939  
939 940  
940 941  
941 942  
942 943  
943 944  
943 945  
942 946  
946 947  
946 948  
941 949  
949 950  
949 951  
940 952  
952 953  
953 954  
954 955  
955 956  
955 957  
954 958  
953 959  
952 960  
960 961  
961 962  
962 963  
963 964  
964 965  
965 966  
966 967  
967 968  
968 969  
968 970  
967 971  
971 972  
972 973  
973 974  
974 975  
974 976  
973 977  
977 978  
977 979  
972 980  
971 981  
981 982  
982 983  
982 984  
981 985  
966 986  
965 987  
964 988  
988 989  
988 990  
963 991  
991 992  
991 993  
962 994  
994 995  
994 996  
996 997  
997 998  
998 999  
998 1000  
997 1001  
996 1002  
1002 1003  
1002 1004  
961 1005  
960 1006  
939 1007  
1007 1008  
1008 1009  
1009 1010  
1010 1011  
1011 1012  
1011 1013  
1013 1014  
1014 1015  
1015 1016  
1015 1017  
1014 1018  
1018 1019  
1018 1020  
1013 1021  
1010 1022  
1022 1023  
1023 1024  
1024 1025  
1025 1026  
1026 1027  
1027 1028  
1028 1029  
1028 1030  
1030 1031  
1030 1032  
1027 1033  
1026 1034  
1034 1035  
1034 1036  
1025 1037  
1037 1038  
1037 1039  
1024 1040  
1023 1041  
1022 1042  
1042 1043  
1043 1044  
1044 1045  
1044 1046  
1046 1047  
1046 1048  
1043 1049  
1042 1050  
1009 1051  
1051 1052  
1052 1053  
1052 1054  
1054 1055  
1055 1056  
1055 1057  
1054 1058  
1051 1059  
1008 1060  
1060 1061  
1061 1062  
1061 1063  
1063 1064  
1063 1065  
1060 1066  
1066 1067  
1066 1068  
1007 1069  
1069 1070  
1070 1071  
1071 1072  
1072 1073  
1072 1074  
1071 1075  
1070 1076  
1076 1077  
1076 1078  
1069 1079  
1079 1080  
1079 1081  
1081 1082  
1081 1083  
938 1084  
1084 1085  
1085 1086  
1086 1087  
1087 1088  
1088 1089  
1089 1090  
1089 1091  
1088 1092  
1087 1093  
1086 1094  
1085 1095  
1084 1096  
937 1097  
936 1098  
935 1099  
1099 1100  
1100 1101  
1101 1102  
1101 1103  
1100 1104  
1104 1105  
1104 1106  
1099 1107  
934 1108  
933 1109  
1109 1110  
1110 1111  
1110 1112  
1112 1113  
1112 1114  
1114 1115  
1114 1116  
1109 1117  
230 1118  
1118 1119  
1119 1120  
1120 1121  
1121 1122  
1122 1123  
1122 1124  
1124 1125  
1124 1126  
1121 1127  
1127 1128  
1128 1129  
1129 1130  
1129 1131  
1131 1132  
1132 1133  
1133 1134  
1133 1135  
1135 1136  
1135 1137  
1137 1138  
1138 1139  
1139 1140  
1140 1141  
1141 1142  
1141 1143  
1143 1144  
1143 1145  
1140 1146  
1139 1147  
1138 1148  
1137 1149  
1132 1150  
1150 1151  
1151 1152  
1152 1153  
1152 1154  
1154 1155  
1154 1156  
1151 1157  
1157 1158  
1157 1159  
1150 1160  
1160 1161  
1160 1162  
1131 1163  
1163 1164  
1164 1165  
1164 1166  
1163 1167  
1128 1168  
1127 1169  
1120 1170  
1119 1171  
1171 1172  
1171 1173  
1118 1174  
1174 1175  
1174 1176  
9 1177  
8 1178  
1178 1179  
1179 1180  
1179 1181  
1178 1182  
7 1183  
6 1184  
1184 1185  
1184 1186  
1186 1187  
1187 1188  
1188 1189  
1189 1190  
1190 1191  
1191 1192  
1192 1193  
1193 1194  
1194 1195  
1195 1196  
1195 1197  
1194 1198  
1198 1199  
1199 1200  
1200 1201  
1200 1202  
1199 1203  
1198 1204  
1193 1205  
1192 1206  
1206 1207  
1207 1208  
1208 1209  
1209 1210  
1210 1211  
1210 1212  
1212 1213  
1213 1214  
1213 1215  
1212 1216  
1216 1217  
1216 1218  
1218 1219  
1219 1220  
1219 1221  
1218 1222  
1209 1223  
1208 1224  
1224 1225  
1225 1226  
1226 1227  
1226 1228  
1228 1229  
1228 1230  
1230 1231  
1230 1232  
1225 1233  
1224 1234  
1207 1235  
1235 1236  
1235 1237  
1237 1238  
1237 1239  
1206 1240  
1240 1241  
1241 1242  
1241 1243  
1240 1244  
1191 1245  
1190 1246  
1246 1247  
1247 1248  
1248 1249  
1249 1250  
1249 1251  
1251 1252  
1251 1253  
1248 1254  
1247 1255  
1246 1256  
1189 1257  
1188 1258  
1258 1259  
1259 1260  
1260 1261  
1261 1262  
1262 1263  
1263 1264  
1264 1265  
1264 1266  
1263 1267  
1262 1268  
1268 1269  
1269 1270  
1270 1271  
1270 1272  
1272 1273  
1273 1274  
1274 1275  
1274 1276  
1273 1277  
1277 1278  
1277 1279  
1272 1280  
1269 1281  
1281 1282  
1281 1283  
1268 1284  
1284 1285  
1284 1286  
1261 1287  
1287 1288  
1287 1289  
1260 1290  
1259 1291  
1258 1292  
1292 1293  
1293 1294  
1294 1295  
1294 1296  
1293 1297  
1292 1298  
1298 1299  
1299 1300  
1300 1301  
1301 1302  
1302 1303  
1302 1304  
1301 1305  
1305 1306  
1305 1307  
1300 1308  
1308 1309  
1308 1310  
1299 1311  
1298 1312  
1187 1313  
1186 1314  
5 1315  
1315 1316  
1315 1317  
4 1318  
1318 1319  
1319 1320  
1320 1321  
1321 1322  
1322 1323  
1323 1324  
1324 1325  
1324 1326  
1326 1327  
1327 1328  
1328 1329  
1329 1330  
1330 1331  
1330 1332  
1329 1333  
1333 1334  
1334 1335  
1334 1336  
1333 1337  
1337 1338  
1337 1339  
1328 1340  
1327 1341  
1326 1342  
1323 1343  
1322 1344  
1344 1345  
1345 1346  
1346 1347  
1347 1348  
1347 1349  
1349 1350  
1349 1351  
1351 1352  
1351 1353  
1346 1354  
1345 1355  
1344 1356  
1356 1357  
1356 1358  
1321 1359  
1320 1360  
1360 1361  
1361 1362  
1362 1363  
1363 1364  
1364 1365  
1365 1366  
1366 1367  
1366 1368  
1368 1369  
1368 1370  
1365 1371  
1364 1372  
1363 1373  
1362 1374  
1374 1375  
1374 1376  
1376 1377  
1377 1378  
1377 1379  
1376 1380  
1361 1381  
1381 1382  
1382 1383  
1382 1384  
1381 1385  
1385 1386  
1385 1387  
1360 1388  
1319 1389  
1318 1390  
3 1391  
1391 1392  
1392 1393  
1393 1394  
1393 1395  
1392 1396  
1391 1397  
2 1398  
1398 1399  
1399 1400  
1400 1401  
1401 1402  
1402 1403  
1403 1404  
1404 1405  
1405 1406  
1406 1407  
1407 1408  
1408 1409  
1408 1410  
1410 1411  
1410 1412  
1412 1413  
1412 1414  
1407 1415  
1415 1416  
1416 1417  
1417 1418  
1417 1419  
1416 1420  
1415 1421  
1406 1422  
1422 1423  
1423 1424  
1424 1425  
1424 1426  
1426 1427  
1427 1428  
1428 1429  
1428 1430  
1427 1431  
1431 1432  
1431 1433  
1426 1434  
1434 1435  
1435 1436  
1435 1437  
1437 1438  
1437 1439  
1439 1440  
1440 1441  
1440 1442  
1439 1443  
1434 1444  
1423 1445  
1445 1446  
1445 1447  
1422 1448  
1448 1449  
1448 1450  
1405 1451  
1404 1452  
1452 1453  
1453 1454  
1454 1455  
1455 1456  
1456 1457  
1457 1458  
1458 1459  
1459 1460  
1460 1461  
1461 1462  
1462 1463  
1462 1464  
1461 1465  
1460 1466  
1466 1467  
1466 1468  
1468 1469  
1468 1470  
1459 1471  
1471 1472  
1472 1473  
1473 1474  
1473 1475  
1472 1476  
1471 1477  
1477 1478  
1478 1479  
1478 1480  
1477 1481  
1458 1482  
1482 1483  
1483 1484  
1484 1485  
1484 1486  
1486 1487  
1486 1488  
1483 1489  
1482 1490  
1457 1491  
1456 1492  
1455 1493  
1454 1494  
1453 1495  
1495 1496  
1496 1497  
1496 1498  
1495 1499  
1499 1500  
1499 1501  
1452 1502  
1502 1503  
1502 1504  
1403 1505  
1505 1506  
1505 1507  
1402 1508  
1508 1509  
1509 1510  
1509 1511  
1511 1512  
1511 1513  
1508 1514  
1401 1515  
1515 1516  
1516 1517  
1517 1518  
1518 1519  
1519 1520  
1520 1521  
1521 1522  
1522 1523  
1523 1524  
1524 1525  
1524 1526  
1523 1527  
1527 1528  
1527 1529  
1522 1530  
1521 1531  
1520 1532  
1532 1533  
1532 1534  
1519 1535  
1518 1536  
1517 1537  
1516 1538  
1515 1539  
1400 1540  
1399 1541  
1398 1542  
0 1543  
1543 1544  
1544 1545  
1545 1546  
1546 1547  
1547 1548  
1548 1549  
1549 1550  
1550 1551  
1551 1552  
1552 1553  
1553 1554  
1554 1555  
1554 1556  
1553 1557  
1552 1558  
1551 1559  
1559 1560  
1560 1561  
1561 1562  
1561 1563  
1560 1564  
1564 1565  
1564 1566  
1566 1567  
1566 1568  
1559 1569  
1550 1570  
1570 1571  
1571 1572  
1571 1573  
1570 1574  
1574 1575  
1574 1576  
1549 1577  
1577 1578  
1578 1579  
1579 1580  
1580 1581  
1581 1582  
1582 1583  
1583 1584  
1584 1585  
1584 1586  
1583 1587  
1582 1588  
1581 1589  
1580 1590  
1590 1591  
1590 1592  
1579 1593  
1578 1594  
1577 1595  
1548 1596  
1596 1597  
1597 1598  
1598 1599  
1599 1600  
1600 1601  
1601 1602  
1602 1603  
1602 1604  
1604 1605  
1605 1606  
1606 1607  
1606 1608  
1605 1609  
1609 1610  
1610 1611  
1611 1612  
1611 1613  
1610 1614  
1609 1615  
1604 1616  
1616 1617  
1616 1618  
1601 1619  
1619 1620  
1619 1621  
1600 1622  
1622 1623  
1622 1624  
1599 1625  
1625 1626  
1626 1627  
1627 1628  
1628 1629  
1629 1630  
1630 1631  
1631 1632  
1632 1633  
1633 1634  
1633 1635  
1635 1636  
1635 1637  
1632 1638  
1638 1639  
1639 1640  
1640 1641  
1640 1642  
1639 1643  
1643 1644  
1643 1645  
1638 1646  
1631 1647  
1630 1648  
1648 1649  
1649 1650  
1650 1651  
1650 1652  
1649 1653  
1648 1654  
1654 1655  
1654 1656  
1656 1657  
1656 1658  
1629 1659  
1659 1660  
1660 1661  
1660 1662  
1659 1663  
1663 1664  
1664 1665  
1664 1666  
1666 1667  
1666 1668  
1663 1669  
1669 1670  
1669 1671  
1628 1672  
1672 1673  
1673 1674  
1674 1675  
1674 1676  
1673 1677  
1672 1678  
1627 1679  
1679 1680  
1680 1681  
1681 1682  
1682 1683  
1682 1684  
1684 1685  
1684 1686  
1681 1687  
1680 1688  
1688 1689  
1689 1690  
1690 1691  
1691 1692  
1692 1693  
1692 1694  
1694 1695  
1694 1696  
1696 1697  
1696 1698  
1698 1699  
1698 1700  
1691 1701  
1701 1702  
1701 1703  
1690 1704  
1704 1705  
1705 1706  
1706 1707  
1706 1708  
1705 1709  
1704 1710  
1689 1711  
1711 1712  
1712 1713  
1713 1714  
1713 1715  
1712 1716  
1711 1717  
1688 1718  
1679 1719  
1626 1720  
1625 1721  
1598 1722  
1722 1723  
1723 1724  
1724 1725  
1725 1726  
1726 1727  
1727 1728  
1727 1729  
1729 1730  
1730 1731  
1731 1732  
1731 1733  
1730 1734  
1734 1735  
1734 1736  
1729 1737  
1726 1738  
1725 1739  
1724 1740  
1740 1741  
1740 1742  
1723 1743  
1743 1744  
1744 1745  
1744 1746  
1743 1747  
1747 1748  
1748 1749  
1749 1750  
1749 1751  
1748 1752  
1747 1753  
1722 1754  
1597 1755  
1596 1756  
1756 1757  
1757 1758  
1757 1759  
1756 1760  
1547 1761  
1761 1762  
1762 1763  
1762 1764  
1764 1765  
1764 1766  
1761 1767  
1546 1768  
1768 1769  
1769 1770  
1770 1771  
1770 1772  
1769 1773  
1773 1774  
1774 1775  
1775 1776  
1776 1777  
1777 1778  
1777 1779  
1779 1780  
1780 1781  
1780 1782  
1782 1783  
1782 1784  
1779 1785  
1776 1786  
1786 1787  
1786 1788  
1788 1789  
1788 1790  
1775 1791  
1791 1792  
1791 1793  
1774 1794  
1773 1795  
1768 1796  
1545 1797  
1544 1798  
1543 1799  
