70.50374158346303 13.507519872934171 0.5841086234430934
102.93695086096284 60.674327078395855 1.0411050810490203
140.41092460963375 22.949652952443735 0.5387967210677173
97.03905434742362 81.96557490451825 1.1659758108653588
50.81899970142487 55.57890861056152 0.5170533980351592
100.26316288124603 93.03783044584604 1.1963288779340424
136.43606774697335 78.97829239002496 0.5027126989732406
95.48442699148015 33.590377007170105 0.8333149653048504
106.66445210652739 6.863467402328705 0.5756117189381126
126.04431751100383 48.152062024492395 0.8192160565731433
145.346873996105 52.07898497881327 0.5228383617936702
64.75965263243377 55.50221660877436 0.7015163183641907
55.9647261659799 33.29596405452278 0.5915506316973078
79.27199782948954 72.56645326839313 0.7700882903780664
60.58260683489076 80.70492664965386 0.4812471046413016
131.0631092349545 29.56199430201394 0.7409976019823694
126.40896113833735 8.624017597667532 0.6303394118698218
86.58114753166099 19.959850135974403 0.7293311371225415
87.54003895800938 3.885231217998242 0.5735358374830544
