0.0865237
0.0865237
0.0829002
0.0805884
0.079356
0.0770689
0.0769827
0.0768621
0.0420536
0.0281804
0.0138564
0.00929144
0.0122943
0.0270163
0.0266383
0.024599
0.0206106
0.0176679
0.0147977
0.0183012
0.0148519
0.0141841
0.015897
0.00934523
0.0373235
0.0371052
0.0266507
0.00978503
0.0262036
0.0250342
0.0204091
0.0141558
0.0178258
0.0192992
0.0139446
0.016481
0.0132056
0.0105344
0.0104277
0.0317999
0.0307931
0.0296265
0.0244378
0.0210732
0.0146353
0.0183939
0.0173649
0.0120764
0.0151467
0.0225125
0.0101886
0.0217942
0.0130458
0.0201091
0.0157074
0.016206
0.0147276
0.0143562
0.0096798
0.0724133
0.0711742
0.0661488
0.0567521
0.0565462
0.042352
0.0421802
0.0412471
0.0397553
0.0328576
0.0318883
0.0288691
0.0201152
0.0161405
0.0157864
0.025157
0.0241435
0.0156933
0.0216931
0.0129365
0.0200362
0.0122711
0.0203003
0.0118607
0.0188495
0.0144984
0.0301324
0.0266107
0.0254627
0.0221011
0.0171965
0.0178737
0.017877
0.0115648
0.0160913
0.0132668
0.0204205
0.0155619
0.0168058
0.0194361
0.013519
0.0169519
0.0169512
0.0144254
0.012318
0.00972926
0.0471528
0.0445998
0.0444155
0.0433347
0.0343371
0.0318191
0.0160468
0.0303961
0.0298535
0.021833
0.0133838
0.0200083
0.015965
0.0157954
0.0253025
0.0209349
0.0137226
0.0187493
0.0191511
0.0113885
0.0202219
0.00987516
0.0194043
0.0143442
0.0163301
0.0344523
0.0334061
0.0321337
0.0308157
0.0284051
0.0212005
0.0151054
0.0182537
0.0237461
0.0200537
0.0174628
0.0185122
0.0157642
0.0160049
0.0153449
0.0184122
0.0141787
0.0150244
0.0103082
0.025263
0.0238642
0.0127157
0.0225945
0.0141731
0.0205573
0.0168017
0.0102648
0.015413
0.0158003
0.0136308
0.0125611
0.047424
0.0466395
0.0456782
0.0455255
0.0431329
0.0428406
0.0359656
0.0354916
0.0307195
0.0140952
0.0296966
0.0279792
0.022345
0.0189056
0.0150409
0.0149697
0.0163858
0.0220675
0.0184175
0.0165084
0.0162437
0.0250492
0.0230529
0.0205941
0.0122037
0.0190532
0.0152073
0.0151341
0.0121986
0.0317824
0.0230133
0.0225704
0.0153109
0.0199235
0.0135445
0.0175698
0.00883766
0.0271061
0.0224906
0.0173773
0.0183003
0.0164006
0.0119753
0.0204399
0.0158402
0.0165888
0.0117447
0.0241635
0.0229653
0.0199722
0.0160638
0.012592
0.00984099
0.0183161
0.016721
0.0113571
0.0147517
0.0113695
0.0173312
0.0131925
0.0142763
0.0414289
0.0413297
0.0409701
0.0399111
0.0315507
0.0177867
0.0295411
0.0198614
0.0147483
0.0166634
0.0261807
0.0254372
0.0239422
0.0207676
0.015561
0.0173124
0.0168305
0.0139843
0.0114112
0.0318032
0.0290755
0.0283707
0.0268299
0.0181241
0.0117193
0.0163164
0.0237284
0.0214931
0.0176195
0.0164592
0.0150827
0.015215
0.0120381
0.01965
0.01713
0.0146395
0.0123618
0.0136811
0.0173202
0.0122335
0.0149852
0.0122245
0.00798744
0.026759
0.0256555
0.00954555
0.0252073
0.0104613
0.0245918
0.0226702
0.0127805
0.0212262
0.0133609
0.0192905
0.0147681
0.0131503
0.0128864
0.0115343
0.0347533
0.00943489
0.03452
0.023669
0.0221507
0.0212882
0.0142379
0.0189094
0.0140231
0.015879
0.0106873
0.0133729
0.0303207
0.025737
0.0248305
0.0117758
0.0239143
0.0144765
0.0219962
0.0165855
0.0182519
0.0120248
0.0221226
0.0120373
0.0208645
0.0160117
0.0170745
0.0287024
0.0283659
0.0243522
0.0207136
0.00939699
0.0200478
0.0151761
0.0165853
0.0177096
0.0107533
0.016275
0.0203137
0.018662
0.0124187
0.0166119
0.0123485
0.00936747
0.0359201
0.0344931
0.0289131
0.028718
0.0182704
0.0120503
0.0163228
0.0260048
0.0244258
0.0122711
0.0233464
0.0196965
0.0152545
0.0159943
0.0171947
0.0144431
0.00786162
0.0256463
0.0250782
0.0224112
0.0183729
0.013891
0.0152141
0.0171614
0.016529
0.0103114
0.0174432
0.0128191
0.0147373
0.0427303
0.0414001
0.0283159
0.0219236
0.0189456
0.0151273
0.0149459
0.0155184
0.0229993
0.0222199
0.021001
0.0187999
0.015956
0.0137193
0.013782
0.0119538
0.010613
0.0364066
0.0355164
0.0184403
0.0147371
0.00953883
0.0132623
0.0145337
0.0337754
0.0316532
0.0281019
0.0247576
0.0163903
0.0220849
0.0186858
0.0161947
0.0191454
0.0160002
0.0142955
0.0211953
0.014177
0.0188261
0.0189602
0.0130046
0.0166511
0.0151164
0.019186
0.0116098
0.0176491
0.0144053
0.0135869
