61.1837831471832 60.89487183082862 1
135.00416355082533 17.212492597157404 2.3949854417986067
79.94413164690198 7.408307500984446 2.8411396750997575
147.37209699867955 62.909227395504175 4.1092953210636365
53.27945582419014 32.32938152121609 2.3547232154752322
110.65836359364754 2.1576229901222543 2.998295516332761
133.57201857429772 45.879938923662266 2.7882974289729323
67.73510083592164 88.07210261586769 3.680054857561517
74.58832044587797 32.12693603085812 3.2252590864267368
142.66800041544738 31.50960275407213 2.3512156998153957
128.17362323708397 89.44720000336402 4.305632994571476
63.49993309752442 18.836286297820614 3.067904235842263
86.10662343946984 48.79350413324157 4.8695324765701
95.73779344403242 4.998558370453132 3.3887179735321267
117.9022024158951 50.759793839860755 5.366881509409977
83.33844279073443 95.43119210356625 6.980934919007581
51.34243843338196 46.26562968173948 4.73325960614371
56.08777061431569 73.71781310667119 2.5159869108889223
138.7932121712492 78.15480035602835 4.616341597633124
113.10383765820893 65.96513491600355 4.969689311301069
148.8125157691308 49.45699805636954 4.077105326645011
123.35348857652595 37.755273202442005 4.54603546688099
84.996025943867 29.29656506524443 4.511665433967235
114.82903167131697 96.92155300097001 8.958077580841447
77.8007871912452 18.649906592228007 3.6196231413181392
122.19663334530222 6.256712806715314 3.631906486203108
104.49522227606138 17.891826079123806 4.506027053350973
132.78707424395733 29.79544565233323 3.617509951357774
122.51696485230583 58.350035556708505 4.913580932700699
82.88796850217577 39.21766731152918 2.306780950461573
71.54085174514462 11.007923011388666 3.3516532361241196
66.93176941988509 78.01557111675643 2.915237076879194
124.57013589089368 47.13485396213222 4.327008440631616
84.59176099426497 58.670565437949776 3.7370194486348685
51.20813987702866 59.07155126987524 2.3469455285569514
80.09812546789068 87.63590704175776 2.5549583686242534
87.27766713421722 1.8282052246679559 3.31670009938446
104.66041385593637 27.006560770311005 6.093883043855288
106.86361713523351 76.19749672766048 8.59874860215253
105.48118635224446 9.616701764848191 2.9756392849708
115.11325935441393 59.27629580803819 2.9635288145745218
146.50607900930066 41.15502173249581 3.9968962540753568
77.15339081955905 45.92749675709384 3.3042466349394055
133.13751932698773 37.10066608391964 4.702317938598375
89.5792259613218 67.98817363398794 9.115832681501
102.9489336265723 1.8036391477701752 2.9415927835672013
135.56588835699773 85.05351282722732 2.9897480996590478
130.2723868192845 10.503414230126907 3.5753743636579385
145.05666439836202 71.24339256724672 3.362241789787967
121.38346825751518 18.690302917057664 5.308542117658081
