61.1837831471832 60.89487183082862 0.24530645448705388
97.8733679950594 82.870741515458 1.0839645269135199
135.00416355082533 17.212492597157404 0.36100226467840496
103.09316666432649 47.22997479115676 0.9038500287888755
79.94413164690198 7.408307500984446 0.34765031263345647
100.57956331870172 92.32392545184558 1.2050268655296743
147.37209699867955 62.909227395504175 0.3370605541733442
74.28174402048374 63.35408676375259 0.6669645414019978
53.27945582419014 32.32938152121609 0.3625675873850333
113.59983052610899 27.69893057218493 0.7126700594178905
110.65836359364754 2.1576229901222543 0.388311916268458
126.80669009306199 67.56292149658931 0.6956003372425179
133.57201857429772 45.879938923662266 0.27352603057818003
86.02699047415308 77.02666751910631 0.7051592670830275
67.73510083592164 88.07210261586769 0.3079774479059433
68.89331591732488 45.79777657621304 0.5395430164111205
74.58832044587797 32.12693603085812 0.34687547594606216
133.0900361968247 50.58310392354155 0.5544597379084255
142.66800041544738 31.50960275407213 0.40271939672140283
114.11838200365256 82.87399373323782 0.7575486702066191
128.17362323708397 89.44720000336402 0.2842381983399906
63.5270845430563 36.47581333979249 0.486755759456128
63.49993309752442 18.836286297820614 0.4074965364854487
98.83870711828345 63.612923923229204 0.9633969907544873
86.10662343946984 48.79350413324157 0.23549322160606143
92.65687838647838 18.401622504561622 0.6653803018854549
95.73779344403242 4.998558370453132 0.29652056048444936
101.69649600982873 55.89234607174578 0.923212273667617
117.9022024158951 50.759793839860755 0.3029509294691707
99.44091055821703 89.27581947840332 1.0955925941251166
83.33844279073443 95.43119210356625 0.26607661373756086
70.09247854470479 54.36726826086679 0.5854929957036802
51.34243843338196 46.26562968173948 0.3520791323451214
67.49466968432702 64.59469581658048 0.45786255047297214
56.08777061431569 73.71781310667119 0.33244704806209013
121.53412648245398 76.10822343595453 0.730126977779424
138.7932121712492 78.15480035602835 0.3008808409494472
117.08875538834603 79.39622378728586 0.743968232467491
113.10383765820893 65.96513491600355 0.28255317095883487
132.55051256884454 56.95813619487373 0.6279997873857999
148.8125157691308 49.45699805636954 0.35566230272293
109.80354626470177 38.46498452873796 0.7464315862527681
123.35348857652595 37.755273202442005 0.3102683051743582
95.47469417676483 32.736112541969426 0.6857767248901302
84.996025943867 29.29656506524443 0.30340306913373977
100.33549149097377 97.21013588338987 1.2090764186074008
114.82903167131697 96.92155300097001 0.2606114464734944
85.34114085849502 15.66707741978976 0.5318108968666676
77.8007871912452 18.649906592228007 0.34667481565942776
115.38786084965469 14.20838542048975 0.4769278561728931
122.19663334530222 6.256712806715314 0.36823124486822073
113.01892000114319 21.96576642573505 0.5687299892108612
104.49522227606138 17.891826079123806 0.30364852788909547
125.24547825391905 25.61613989497425 0.5308542117658079
132.78707424395733 29.79544565233323 0.34073687395275404
128.3743432274011 63.0778119103669 0.644309662280332
122.51696485230583 58.350035556708505 0.27054555049383716
88.59393430258002 50.23019187296502 0.44558837106583143
82.88796850217577 39.21766731152918 0.3360803709525829
81.2117667032818 12.538643748826912 0.47731091106290263
71.54085174514462 11.007923011388666 0.40560124325378394
75.20669538549657 80.36131801125346 0.37785148959123954
66.93176941988509 78.01557111675643 0.2913642553413786
132.2174267417897 53.65115847547357 0.5874071394704016
124.57013589089368 47.13485396213222 0.3182325730317202
92.55294927306447 57.98465711745939 0.4751717274841339
84.59176099426497 58.670565437949776 0.26598084912159553
63.43588510614616 62.777863736605475 0.3898334784357893
51.20813987702866 59.07155126987524 0.35431839007492355
89.32825570063697 90.70066905032489 0.3460215463326132
80.09812546789068 87.63590704175776 0.28269552955206534
92.28282056463361 10.552404513691553 0.5243619613508573
87.27766713421722 1.8282052246679559 0.3690026423717214
111.05558268199123 33.32038885961495 0.7281164223554553
104.66041385593637 27.006560770311005 0.2886474968232252
98.59501869035127 75.15589427267638 0.9736432592595413
106.86361713523351 76.19749672766048 0.23864078914551365
109.20485135293724 18.457160915761694 0.4226062065684562
105.48118635224446 9.616701764848191 0.3621035509893413
110.19048039927091 55.61184598728646 0.3646251726974004
115.11325935441393 59.27629580803819 0.2744522688915251
140.1373967614669 42.405577593857124 0.47729860693426757
146.50607900930066 41.15502173249581 0.35147967080107756
84.1926945745968 46.273937081810125 0.42248594242858983
77.15339081955905 45.92749675709384 0.3345708608937032
135.78471148661586 45.80231412393694 0.5313184933896384
133.13751932698773 37.10066608391964 0.3455367265130556
98.50085699088352 70.27344570766496 0.9688408748464041
89.5792259613218 67.98817363398794 0.24795002316725592
94.88760870064868 7.646018557296932 0.454573442896778
102.9489336265723 1.8036391477701752 0.40788579375113226
130.90245794538168 79.45222571669723 0.3747927135012302
135.56588835699773 85.05351282722732 0.2939855928954418
129.31445996392796 19.504652705419566 0.4791970123807457
130.2723868192845 10.503414230126907 0.3978870594522384
139.17242686676687 67.43750977904209 0.4103499031104257
145.05666439836202 71.24339256724672 0.31347535292010426
119.05332811933998 25.897253132394297 0.5625292256324613
121.38346825751518 18.690302917057664 0.30512761306387975
