63.43588510614616 62.777863736605475 0.24530645448705388
99.44091055821703 89.27581947840332 1.0839645269135199
129.31445996392796 19.504652705419566 0.36100226467840496
101.69649600982873 55.89234607174578 0.9038500287888755
81.2117667032818 12.538643748826912 0.34765031263345647
100.33549149097377 97.21013588338987 1.2050268655296743
139.17242686676687 67.43750977904209 0.3370605541733442
86.02699047415308 77.02666751910631 0.6669645414019978
63.5270845430563 36.47581333979249 0.3625675873850333
111.05558268199123 33.32038885961495 0.7126700594178905
115.38786084965469 14.20838542048975 0.388311916268458
121.53412648245398 76.10822343595453 0.6956003372425179
133.0900361968247 50.58310392354155 0.27352603057818003
97.8733679950594 82.870741515458 0.7051592670830275
75.20669538549657 80.36131801125346 0.3079774479059433
70.09247854470479 54.36726826086679 0.5395430164111205
68.89331591732488 45.79777657621304 0.34687547594606216
132.2174267417897 53.65115847547357 0.5544597379084255
140.1373967614669 42.405577593857124 0.40271939672140283
100.57956331870172 92.32392545184558 0.7575486702066191
114.11838200365256 82.87399373323782 0.2842381983399906
68.89331591732488 45.79777657621304 0.486755759456128
63.5270845430563 36.47581333979249 0.4074965364854487
98.50085699088352 70.27344570766496 0.9633969907544873
88.59393430258002 50.23019187296502 0.23549322160606143
95.47469417676483 32.736112541969426 0.6653803018854549
94.88760870064868 7.646018557296932 0.29652056048444936
98.83870711828345 63.612923923229204 0.923212273667617
110.19048039927091 55.61184598728646 0.3029509294691707
100.57956331870172 92.32392545184558 1.0955925941251166
89.32825570063697 90.70066905032489 0.26607661373756086
74.28174402048374 63.35408676375259 0.5854929957036802
70.09247854470479 54.36726826086679 0.3520791323451214
74.28174402048374 63.35408676375259 0.45786255047297214
67.49466968432702 64.59469581658048 0.33244704806209013
117.08875538834603 79.39622378728586 0.730126977779424
130.90245794538168 79.45222571669723 0.3008808409494472
114.11838200365256 82.87399373323782 0.743968232467491
117.08875538834603 79.39622378728586 0.28255317095883487
128.3743432274011 63.0778119103669 0.6279997873857999
132.55051256884454 56.95813619487373 0.35566230272293
103.09316666432649 47.22997479115676 0.7464315862527681
109.80354626470177 38.46498452873796 0.3102683051743582
103.09316666432649 47.22997479115676 0.6857767248901302
95.47469417676483 32.736112541969426 0.30340306913373977
100 100 1.2090764186074008
100.33549149097377 97.21013588338987 0.2606114464734944
92.65687838647838 18.401622504561622 0.5318108968666676
85.34114085849502 15.66707741978976 0.34667481565942776
113.01892000114319 21.96576642573505 0.4769278561728931
115.38786084965469 14.20838542048975 0.36823124486822073
113.59983052610899 27.69893057218493 0.5687299892108612
109.20485135293724 18.457160915761694 0.30364852788909547
119.05332811933998 25.897253132394297 0.5308542117658079
125.24547825391905 25.61613989497425 0.34073687395275404
126.80669009306199 67.56292149658931 0.644309662280332
128.3743432274011 63.0778119103669 0.27054555049383716
92.55294927306447 57.98465711745939 0.44558837106583143
84.1926945745968 46.273937081810125 0.3360803709525829
85.34114085849502 15.66707741978976 0.47731091106290263
81.2117667032818 12.538643748826912 0.40560124325378394
86.02699047415308 77.02666751910631 0.37785148959123954
75.20669538549657 80.36131801125346 0.2913642553413786
132.55051256884454 56.95813619487373 0.5874071394704016
132.2174267417897 53.65115847547357 0.3182325730317202
98.83870711828345 63.612923923229204 0.4751717274841339
92.55294927306447 57.98465711745939 0.26598084912159553
67.49466968432702 64.59469581658048 0.3898334784357893
63.43588510614616 62.777863736605475 0.35431839007492355
99.44091055821703 89.27581947840332 0.3460215463326132
89.32825570063697 90.70066905032489 0.28269552955206534
92.65687838647838 18.401622504561622 0.5243619613508573
92.28282056463361 10.552404513691553 0.3690026423717214
109.80354626470177 38.46498452873796 0.7281164223554553
111.05558268199123 33.32038885961495 0.2886474968232252
97.8733679950594 82.870741515458 0.9736432592595413
98.59501869035127 75.15589427267638 0.23864078914551365
113.01892000114319 21.96576642573505 0.4226062065684562
109.20485135293724 18.457160915761694 0.3621035509893413
101.69649600982873 55.89234607174578 0.3646251726974004
110.19048039927091 55.61184598728646 0.2744522688915251
135.78471148661586 45.80231412393694 0.47729860693426757
140.1373967614669 42.405577593857124 0.35147967080107756
88.59393430258002 50.23019187296502 0.42248594242858983
84.1926945745968 46.273937081810125 0.3345708608937032
133.0900361968247 50.58310392354155 0.5313184933896384
135.78471148661586 45.80231412393694 0.3455367265130556
98.59501869035127 75.15589427267638 0.9688408748464041
98.50085699088352 70.27344570766496 0.24795002316725592
92.28282056463361 10.552404513691553 0.454573442896778
94.88760870064868 7.646018557296932 0.40788579375113226
121.53412648245398 76.10822343595453 0.3747927135012302
130.90245794538168 79.45222571669723 0.2939855928954418
125.24547825391905 25.61613989497425 0.4791970123807457
129.31445996392796 19.504652705419566 0.3978870594522384
126.80669009306199 67.56292149658931 0.4103499031104257
139.17242686676687 67.43750977904209 0.31347535292010426
113.59983052610899 27.69893057218493 0.5625292256324613
119.05332811933998 25.897253132394297 0.30512761306387975
