# File generated by Xml2graph the edges are represented by the vertex id (IdA, IdB)and it contains also other parameter related to the edges: 
# IdA IdB flow resistance
# Global parameters: pPerf: 13300.0 ; pTerm: 7980.0
0 1 8330.0 2.31302 
1110 2 2107.49 1.28428 
1110 3 3481.94 1.56401 
196 4 6922.23 2.15427 
196 5 1224.51 0.931053 
340 6 1516.06 1.06525 
340 7 1799.28 1.12007 
614 8 5839.33 2.00578 
614 9 1032.92 0.885636 
128 10 49.98 0.113944 
128 11 1449.42 0.996288 
78 12 83.3 0.196974 
78 13 1840.93 1.17649 
1996 14 1124.55 0.828451 
1996 15 33.32 0.105299 
878 16 1049.58 0.804245 
878 17 316.54 0.412591 
860 18 366.52 0.456497 
860 19 957.95 0.819696 
588 20 274.89 0.422332 
588 21 274.89 0.382672 
1560 22 283.22 0.417103 
1560 23 533.12 0.588848 
1924 24 841.33 0.71915 
1924 25 83.3 0.214698 
354 26 258.23 0.383589 
354 27 283.22 0.425705 
1554 28 191.59 0.295653 
1554 29 41.65 0.147679 
902 30 624.75 0.646142 
902 31 491.47 0.519323 
1356 32 316.54 0.45098 
1356 33 166.6 0.314207 
1974 34 183.26 0.332107 
1974 35 66.64 0.179603 
1748 36 183.26 0.324639 
1748 37 91.63 0.219187 
494 38 58.31 0.143388 
494 39 166.6 0.289944 
1892 40 1940.89 1.23372 
1892 41 149.94 0.308839 
338 42 49.98 0.130473 
338 43 141.61 0.261934 
468 44 24.99 0.101917 
468 45 83.3 0.211313 
1186 46 49.98 0.151379 
1186 47 108.29 0.259058 
634 48 699.72 0.602992 
634 49 8.33 0.0132919 
244 50 316.54 0.420689 
244 51 8.33 0.00865294 
1160 52 1482.74 1.00355 
1160 53 241.57 0.349463 
1868 54 724.71 0.679309 
1868 55 8.33 0.00575493 
1 56 8196.72 2.27584 
1 57 133.28 0.275696 
1624 58 241.57 0.365403 
1624 59 74.97 0.185218 
1192 60 66.64 0.189594 
1192 61 141.61 0.272443 
438 62 108.29 0.250484 
438 63 66.64 0.158214 
642 64 558.11 0.591787 
642 65 133.28 0.277114 
554 66 599.76 0.594955 
554 67 58.31 0.203041 
864 68 16.66 0.0691058 
864 69 24.99 0.128405 
74 70 5614.42 1.92072 
74 71 91.63 0.208237 
140 72 74.97 0.161899 
140 73 83.3 0.214618 
8 74 5706.05 1.97193 
8 75 133.28 0.227152 
868 76 699.72 0.666618 
868 77 124.95 0.252271 
1136 78 1924.23 1.20133 
1136 79 8.33 0.0291793 
586 80 791.35 0.733358 
586 81 249.9 0.365948 
32 82 283.22 0.408843 
32 83 33.32 0.0882668 
1718 84 857.99 0.735838 
1718 85 74.97 0.204872 
866 86 1549.38 1.01796 
866 87 199.92 0.348192 
580 88 566.44 0.521253 
580 89 108.29 0.224721 
534 90 333.2 0.421998 
534 91 208.25 0.336678 
1672 92 258.23 0.326061 
1672 93 8.33 0.0167458 
624 94 241.57 0.361954 
624 95 99.96 0.221573 
648 96 74.97 0.175019 
648 97 74.97 0.157018 
1182 98 1249.5 0.891724 
1182 99 141.61 0.269023 
1854 100 383.18 0.49047 
1854 101 124.95 0.25899 
958 102 24.99 0.0550864 
958 103 99.96 0.247213 
906 104 49.98 0.112599 
906 105 433.16 0.478572 
1206 106 916.3 0.742913 
1206 107 24.99 0.0962663 
504 108 166.6 0.291532 
504 109 8.33 0.0628931 
1424 110 224.91 0.323621 
1424 111 24.99 0.0925822 
220 112 191.59 0.333639 
220 113 66.64 0.191364 
366 114 16.66 0.0644247 
366 115 16.66 0.0612004 
1786 116 8.33 0.0237417 
1786 117 58.31 0.148542 
1292 118 999.6 0.787799 
1292 119 83.3 0.202157 
4 120 6888.91 2.10395 
4 121 33.32 0.0902783 
512 122 3398.64 1.48722 
512 123 74.97 0.211756 
652 124 66.64 0.142379 
652 125 49.98 0.169619 
298 126 149.94 0.26971 
298 127 24.99 0.109008 
6 128 1499.4 1.02559 
6 129 16.66 0.0536459 
656 130 24.99 0.0641669 
656 131 66.64 0.204003 
464 132 533.12 0.576772 
464 133 33.32 0.0734826 
118 134 941.29 0.772273 
118 135 58.31 0.134652 
670 136 1399.44 0.915915 
670 137 49.98 0.134407 
1120 138 16.66 0.0466656 
1120 139 108.29 0.239054 
920 140 158.27 0.269858 
920 141 16.66 0.0785612 
1056 142 316.54 0.391559 
1056 143 66.64 0.150426 
840 144 16.66 0.0639386 
840 145 199.92 0.300398 
145 146 66.64 0.142771 
145 147 133.28 0.243044 
1958 148 74.97 0.159139 
1958 149 41.65 0.127272 
1476 150 1374.45 0.941782 
1476 151 149.94 0.32019 
1112 152 49.98 0.0985788 
1112 153 83.3 0.204299 
576 154 116.62 0.24289 
576 155 24.99 0.0870853 
520 156 16.66 0.0512158 
520 157 16.66 0.104089 
912 158 816.34 0.691641 
912 159 49.98 0.166542 
348 160 249.9 0.357313 
348 161 16.66 0.0818017 
1734 162 691.39 0.640138 
1734 163 24.99 0.103574 
928 164 41.65 0.16491 
928 165 83.3 0.211017 
1456 166 41.65 0.0906761 
1456 167 8.33 0.0340943 
90 168 324.87 0.405386 
90 169 8.33 0.0228219 
502 170 16.66 0.0526315 
502 171 33.32 0.0819912 
142 172 249.9 0.344692 
142 173 66.64 0.156025 
382 174 733.04 0.652012 
382 175 74.97 0.189932 
1756 176 158.27 0.256798 
1756 177 8.33 0.0172017 
636 178 41.65 0.124709 
636 179 24.99 0.0901017 
1704 180 1141.21 0.827201 
1704 181 58.31 0.163402 
60 182 8.33 0.0265152 
60 183 58.31 0.167495 
46 184 8.33 0.02405 
46 185 41.65 0.131918 
146 186 16.66 0.0416537 
146 187 49.98 0.130905 
1354 188 66.64 0.148226 
1354 189 124.95 0.242392 
1656 190 208.25 0.274523 
1656 191 16.66 0.0710365 
1898 192 91.63 0.168668 
1898 193 158.27 0.288459 
1274 194 74.97 0.184736 
1274 195 41.65 0.0786431 
56 196 8146.74 2.2489 
56 197 49.98 0.121266 
428 198 16.66 0.0433345 
428 199 33.32 0.10448 
1020 200 74.97 0.14672 
1020 201 8.33 0.0645517 
1416 202 91.63 0.17149 
1416 203 49.98 0.144415 
1024 204 33.32 0.0936368 
1024 205 41.65 0.137328 
1272 206 33.32 0.0917119 
1272 207 116.62 0.228659 
151 208 24.99 0.0725467 
151 209 124.95 0.267331 
66 210 583.1 0.548788 
66 211 16.66 0.0571652 
430 212 133.28 0.233357 
430 213 8.33 0.0272629 
544 214 8.33 0.0451577 
544 215 24.99 0.0707924 
1418 216 24.99 0.043756 
1418 217 66.64 0.189863 
1038 218 8.33 0.0263016 
1038 219 16.66 0.0723694 
1118 220 258.23 0.392764 
1118 221 49.98 0.133481 
590 222 3356.99 1.43832 
590 223 33.32 0.0996695 
1054 224 83.3 0.167668 
1054 225 16.66 0.0547845 
1716 226 8.33 0.0251707 
1716 227 8.33 0.0389155 
1432 228 33.32 0.0848493 
1432 229 33.32 0.0929174 
209 230 91.63 0.189364 
209 231 33.32 0.112718 
1270 232 108.29 0.203494 
1270 233 8.33 0.0029911 
460 234 24.99 0.0830488 
460 235 33.32 0.0854313 
25 236 8.33 0.0209273 
25 237 74.97 0.195295 
790 238 41.65 0.122555 
790 239 8.33 0.0549957 
736 240 108.29 0.199112 
736 241 16.66 0.0646227 
1840 242 16.66 0.0556838 
1840 243 41.65 0.147517 
1196 244 324.87 0.458773 
1196 245 41.65 0.151278 
626 246 58.31 0.147691 
626 247 8.33 0.0482991 
782 248 49.98 0.146402 
782 249 41.65 0.0739798 
71 250 83.3 0.18994 
71 251 8.33 0.0403781 
748 252 74.97 0.141448 
748 253 8.33 0.0793629 
1488 254 83.3 0.148874 
1488 255 8.33 0.0419665 
1544 256 24.99 0.0746526 
1544 257 33.32 0.0893046 
496 258 16.66 0.0461613 
496 259 24.99 0.0847158 
1752 260 16.66 0.032804 
1752 261 58.31 0.153438 
230 262 66.64 0.161635 
230 263 24.99 0.0674593 
1200 264 16.66 0.0384314 
1200 265 8.33 0.0648548 
1688 266 16.66 0.0784815 
1688 267 49.98 0.144977 
1080 268 49.98 0.153588 
1080 269 8.33 0.0216797 
256 270 16.66 0.0293548 
256 271 8.33 0.0543728 
568 272 66.64 0.132993 
568 273 24.99 0.0682331 
162 274 666.4 0.624763 
162 275 24.99 0.0693855 
5 276 1182.86 0.890865 
5 277 41.65 0.123065 
292 278 158.27 0.255575 
292 279 41.65 0.122186 
1458 280 66.64 0.119548 
1458 281 124.95 0.250627 
1378 282 66.64 0.156696 
1378 283 58.31 0.124698 
1140 284 399.84 0.441143 
1140 285 24.99 0.0771854 
1142 286 66.64 0.146295 
1142 287 8.33 0.045045 
616 288 16.66 0.0621436 
616 289 24.99 0.0945117 
1034 290 16.66 0.0645266 
1034 291 24.99 0.0758832 
92 292 199.92 0.288721 
92 293 58.31 0.17579 
862 294 24.99 0.0643949 
862 295 33.32 0.101643 
42 296 16.66 0.0601104 
42 297 33.32 0.0877964 
34 298 174.93 0.308105 
34 299 8.33 0.0312956 
1936 300 66.64 0.182567 
1936 301 8.33 0.0054649 
1214 302 133.28 0.24267 
1214 303 24.99 0.0624915 
119 304 74.97 0.176204 
119 305 8.33 0.00839868 
526 306 8.33 0.0440084 
526 307 66.64 0.153623 
700 308 8.33 0.0397921 
700 309 24.99 0.084197 
14 310 1091.23 0.81392 
14 311 33.32 0.128882 
510 312 16.66 0.0598093 
510 313 24.99 0.109689 
2 314 2099.16 1.26175 
2 315 8.33 0.0280734 
164 316 8.33 0.0267656 
164 317 33.32 0.132757 
207 318 41.65 0.116102 
207 319 74.97 0.176245 
1762 320 216.58 0.322597 
1762 321 16.66 0.0733698 
80 322 741.37 0.709264 
80 323 49.98 0.149475 
176 324 91.63 0.165456 
176 325 66.64 0.172986 
1480 326 16.66 0.0685189 
1480 327 33.32 0.106527 
1094 328 191.59 0.248041 
1094 329 8.33 0.0667361 
1454 330 608.09 0.608372 
1454 331 8.33 0.0264775 
267 332 16.66 0.0500546 
267 333 33.32 0.111025 
97 334 66.64 0.13996 
97 335 8.33 0.00310156 
212 336 108.29 0.197439 
212 337 24.99 0.0682716 
1946 338 191.59 0.304161 
1946 339 24.99 0.0958829 
222 340 3315.34 1.41936 
222 341 41.65 0.105788 
1750 342 16.66 0.04741 
1750 343 24.99 0.0954465 
778 344 108.29 0.183964 
778 345 8.33 0.0462584 
318 346 8.33 0.0142803 
318 347 33.32 0.11045 
674 348 266.56 0.390489 
674 349 8.33 0.0832737 
1448 350 1349.46 0.898254 
1448 351 8.33 0.036921 
826 352 24.99 0.0558523 
826 353 58.31 0.133104 
1248 354 541.45 0.554864 
1248 355 8.33 0.0535937 
940 356 33.32 0.118277 
940 357 8.33 0.0307398 
48 358 683.06 0.572218 
48 359 16.66 0.0789197 
1414 360 41.65 0.130078 
1414 361 24.99 0.0690837 
1520 362 974.61 0.808565 
1520 363 8.33 0.0506431 
1364 364 66.64 0.148289 
1364 365 16.66 0.0442139 
960 366 33.32 0.108581 
960 367 33.32 0.130413 
816 368 1457.75 0.959626 
816 369 16.66 0.0795897 
117 370 41.65 0.115447 
117 371 16.66 0.0499641 
1884 372 41.65 0.0955711 
1884 373 66.64 0.180076 
800 374 16.66 0.056806 
800 375 8.33 0.0311132 
1484 376 1807.61 1.09909 
1484 377 16.66 0.0562833 
217 378 58.31 0.130124 
217 379 8.33 0.0181021 
87 380 183.26 0.303509 
87 381 16.66 0.0653884 
158 382 808.01 0.673434 
158 383 8.33 0.00345524 
850 384 16.66 0.0526185 
850 385 8.33 0.0620858 
646 386 16.66 0.0451515 
646 387 24.99 0.0715214 
121 388 24.99 0.0742878 
121 389 8.33 0.0421121 
474 390 24.99 0.0514584 
474 391 24.99 0.116278 
784 392 8.33 0.0312131 
784 393 33.32 0.0887609 
11 394 1407.77 0.953185 
11 395 41.65 0.0993952 
1376 396 8.33 0.0199745 
1376 397 24.99 0.0671075 
98 398 1207.85 0.863838 
98 399 41.65 0.118209 
172 400 224.91 0.318693 
172 401 24.99 0.116094 
514 402 66.64 0.16281 
514 403 8.33 0.0230821 
1148 404 66.64 0.146779 
1148 405 8.33 0.00289765 
113 406 24.99 0.0855878 
113 407 41.65 0.111032 
85 408 8.33 0.0343106 
85 409 66.64 0.182263 
1198 410 1124.55 0.79365 
1198 411 8.33 0.018823 
1338 412 41.65 0.107315 
1338 413 8.33 0.042946 
844 414 33.32 0.104177 
844 415 8.33 0.0172732 
15 416 8.33 0.0358091 
15 417 24.99 0.0909749 
238 418 16.66 0.049307 
238 419 24.99 0.0865464 
307 420 41.65 0.0934864 
307 421 24.99 0.0947972 
35 422 16.66 0.0563153 
35 423 49.98 0.154539 
814 424 41.65 0.0847373 
814 425 8.33 0.0600501 
1866 426 833.0 0.695189 
1866 427 8.33 0.0566381 
188 428 49.98 0.130337 
188 429 16.66 0.0352441 
380 430 141.61 0.265708 
380 431 41.65 0.124941 
29 432 33.32 0.088863 
29 433 8.33 0.0593644 
242 434 8.33 0.0256747 
242 435 8.33 0.0319612 
712 436 1757.63 1.07027 
712 437 41.65 0.123311 
112 438 174.93 0.299785 
112 439 16.66 0.0503536 
86 440 1532.72 0.990194 
86 441 16.66 0.0751956 
104 442 8.33 0.0198591 
104 443 41.65 0.0951469 
223 444 24.99 0.0938062 
223 445 8.33 0.010854 
444 446 16.66 0.0341435 
444 447 8.33 0.0650844 
330 448 574.77 0.592408 
330 449 33.32 0.119598 
930 450 216.58 0.334685 
930 451 16.66 0.0606601 
998 452 41.65 0.123977 
998 453 24.99 0.0789224 
1848 454 74.97 0.158319 
1848 455 8.33 0.0348201 
294 456 16.66 0.0266848 
294 457 8.33 0.0439653 
1178 458 1374.45 0.880221 
1178 459 16.66 0.0854384 
1130 460 58.31 0.148549 
1130 461 16.66 0.0792276 
300 462 49.98 0.143188 
300 463 16.66 0.0622088 
448 464 566.44 0.581587 
448 465 8.33 0.0390113 
1822 466 24.99 0.0919871 
1822 467 8.33 0.0124767 
154 468 108.29 0.235455 
154 469 8.33 0.0323689 
1422 470 1782.62 1.06483 
1422 471 8.33 0.0146935 
302 472 91.63 0.204083 
302 473 41.65 0.102521 
914 474 49.98 0.12258 
914 475 8.33 0.06358 
356 476 8.33 0.0294588 
356 477 24.99 0.10368 
1832 478 66.64 0.160438 
1832 479 33.32 0.0845852 
904 480 8.33 0.0192517 
904 481 24.99 0.0586754 
452 482 16.66 0.0417608 
452 483 24.99 0.0831836 
189 484 116.62 0.223259 
189 485 8.33 0.0182878 
364 486 58.31 0.112997 
364 487 8.33 0.0559571 
426 488 824.67 0.673139 
426 489 8.33 0.0414492 
766 490 491.47 0.538439 
766 491 8.33 0.0318288 
1964 492 216.58 0.302053 
1964 493 41.65 0.128482 
1826 494 224.91 0.333683 
1826 495 8.33 0.0348281 
248 496 41.65 0.116038 
248 497 8.33 0.0269353 
406 498 16.66 0.0345036 
406 499 8.33 0.0488942 
125 500 33.32 0.112466 
125 501 16.66 0.0476718 
1126 502 49.98 0.118762 
1126 503 8.33 0.0475557 
36 504 174.93 0.313422 
36 505 8.33 0.0239062 
59 506 33.32 0.0943973 
59 507 41.65 0.124682 
1606 508 41.65 0.0995772 
1606 509 24.99 0.0857431 
462 510 41.65 0.129687 
462 511 8.33 0.045985 
3 512 3473.61 1.53128 
3 513 8.33 0.0554788 
103 514 74.97 0.195929 
103 515 24.99 0.114871 
422 516 8.33 0.0107244 
422 517 8.33 0.0561926 
1428 518 58.31 0.155544 
1428 519 8.33 0.038722 
360 520 33.32 0.115491 
360 521 8.33 0.0435578 
716 522 941.29 0.766777 
716 523 24.99 0.0847352 
1812 524 1732.64 1.03808 
1812 525 41.65 0.0997823 
472 526 74.97 0.172832 
472 527 16.66 0.116345 
399 528 8.33 0.0144419 
399 529 33.32 0.109514 
506 530 8.33 0.0159119 
506 531 24.99 0.0771227 
178 532 8.33 0.0285747 
178 533 33.32 0.10252 
88 534 541.45 0.510434 
88 535 24.99 0.0597767 
876 536 16.66 0.0363424 
876 537 8.33 0.0641102 
139 538 99.96 0.196437 
139 539 8.33 0.071337 
1164 540 49.98 0.129119 
1164 541 8.33 0.0500922 
68 542 8.33 0.0276065 
68 543 8.33 0.0173963 
508 544 33.32 0.0943162 
508 545 8.33 0.0104199 
966 546 33.32 0.10237 
966 547 8.33 0.00126874 
106 548 891.31 0.721278 
106 549 24.99 0.0546414 
1406 550 16.66 0.038331 
1406 551 8.33 0.0594722 
173 552 58.31 0.127513 
173 553 8.33 0.00226293 
274 554 658.07 0.61461 
274 555 8.33 0.0315813 
1232 556 33.32 0.0642934 
1232 557 16.66 0.0739254 
922 558 58.31 0.13427 
922 559 8.33 0.0600475 
261 560 33.32 0.0820293 
261 561 24.99 0.0663405 
317 562 24.99 0.0885104 
317 563 8.33 0.0660322 
1470 564 58.31 0.143448 
1470 565 8.33 0.00546634 
820 566 16.66 0.0496479 
820 567 33.32 0.0949156 
1654 568 91.63 0.170716 
1654 569 8.33 0.0613227 
1920 570 16.66 0.0370133 
1920 571 8.33 0.036363 
84 572 849.66 0.719328 
84 573 8.33 0.0579908 
562 574 16.66 0.0407968 
562 575 8.33 0.0556697 
126 576 141.61 0.260323 
126 577 8.33 0.0333733 
33 578 141.61 0.277368 
33 579 24.99 0.108739 
358 580 674.73 0.553468 
358 581 8.33 0.0222921 
206 582 8.33 0.0232583 
206 583 24.99 0.0731015 
41 584 141.61 0.262781 
41 585 8.33 0.0330038 
16 586 1041.25 0.779712 
16 587 8.33 0.049789 
210 588 549.78 0.534066 
210 589 33.32 0.113488 
122 590 3390.31 1.46591 
122 591 8.33 0.0447418 
237 592 66.64 0.151007 
237 593 8.33 0.0366444 
323 594 41.65 0.10228 
323 595 8.33 0.0382532 
185 596 33.32 0.10162 
185 597 8.33 0.0225294 
760 598 16.66 0.0303434 
760 599 8.33 0.0459819 
1516 600 8.33 0.0185064 
1516 601 24.99 0.0878553 
229 602 24.99 0.0867029 
229 603 8.33 0.00729266 
996 604 8.33 0.0261658 
996 605 8.33 0.0414494 
594 606 16.66 0.0461239 
594 607 24.99 0.0563443 
932 608 16.66 0.0395152 
932 609 33.32 0.119241 
367 610 24.99 0.0946137 
367 611 8.33 0.00642378 
610 612 16.66 0.0390005 
610 613 8.33 0.0519914 
120 614 6872.25 2.07889 
120 615 16.66 0.0775701 
540 616 41.65 0.117037 
540 617 8.33 0.0220721 
1574 618 8.33 0.0224451 
1574 619 16.66 0.0547181 
466 620 16.66 0.0343992 
466 621 8.33 0.0446757 
17 622 308.21 0.376445 
17 623 8.33 0.0214373 
1818 624 341.53 0.425316 
1818 625 8.33 0.0239244 
12 626 66.64 0.177076 
12 627 16.66 0.0430149 
187 628 41.65 0.095865 
187 629 8.33 0.0144117 
181 630 8.33 0.0300624 
181 631 49.98 0.118355 
478 632 58.31 0.149758 
478 633 8.33 0.0330737 
174 634 708.05 0.633246 
174 635 24.99 0.0933167 
454 636 66.64 0.149009 
454 637 8.33 0.0517108 
1768 638 8.33 0.0181021 
1768 639 49.98 0.135133 
150 640 1366.12 0.92315 
150 641 8.33 0.00818533 
76 642 691.39 0.64197 
76 643 8.33 0.0477838 
1838 644 991.27 0.853718 
1838 645 33.32 0.0970407 
1608 646 41.65 0.0958866 
1608 647 8.33 0.0580679 
278 648 149.94 0.240058 
278 649 8.33 0.0210103 
1680 650 24.99 0.0871344 
1680 651 8.33 0.0129037 
43 652 116.62 0.233637 
43 653 24.99 0.0795346 
409 654 24.99 0.0624941 
409 655 41.65 0.126961 
62 656 91.63 0.221749 
62 657 16.66 0.0555828 
232 658 99.96 0.178274 
232 659 8.33 0.044966 
608 660 8.33 0.0176864 
608 661 8.33 0.0151652 
1326 662 191.59 0.281985 
1326 663 8.33 0.0682675 
1650 664 16.66 0.0481251 
1650 665 8.33 0.0385589 
650 666 16.66 0.0303595 
650 667 8.33 0.066356 
734 668 58.31 0.120318 
734 669 8.33 0.00776565 
368 670 1449.42 0.939651 
368 671 8.33 0.0446849 
1698 672 16.66 0.0644566 
1698 673 24.99 0.102036 
22 674 274.89 0.408352 
22 675 8.33 0.0275431 
293 676 49.98 0.141225 
293 677 8.33 0.0231729 
986 678 16.66 0.0294788 
986 679 33.32 0.0709413 
1046 680 8.33 0.0361934 
1046 681 8.33 0.0579018 
1358 682 24.99 0.0579609 
1358 683 33.32 0.117119 
804 684 41.65 0.11093 
804 685 8.33 0.0160125 
394 686 1399.44 0.923266 
394 687 8.33 0.050399 
924 688 8.33 0.0333246 
924 689 16.66 0.0314623 
352 690 16.66 0.0468637 
352 691 8.33 0.00212268 
754 692 33.32 0.102866 
754 693 8.33 0.0262089 
974 694 16.66 0.0480024 
974 695 8.33 0.0463429 
339 696 16.66 0.0444971 
339 697 8.33 0.0761141 
70 698 5597.76 1.87381 
70 699 16.66 0.0827742 
1298 700 33.32 0.105767 
1298 701 8.33 0.0523527 
684 702 33.32 0.0778071 
684 703 8.33 0.0485206 
1280 704 66.64 0.135262 
1280 705 8.33 0.0494896 
131 706 49.98 0.151046 
131 707 16.66 0.0778732 
578 708 133.28 0.258634 
578 709 8.33 0.0464656 
279 710 24.99 0.073058 
279 711 16.66 0.0432297 
376 712 1799.28 1.0826 
376 713 8.33 0.0859196 
676 714 16.66 0.0529969 
676 715 33.32 0.0956512 
362 716 966.28 0.786544 
362 717 8.33 0.0341288 
73 718 74.97 0.170475 
73 719 8.33 0.0659438 
560 720 24.99 0.037558 
560 721 8.33 0.0430752 
1598 722 8.33 0.0320432 
1598 723 8.33 0.0259624 
27 724 274.89 0.363609 
27 725 8.33 0.0150737 
654 726 16.66 0.0174958 
654 727 8.33 0.0520315 
283 728 24.99 0.0581055 
283 729 33.32 0.0942466 
193 730 149.94 0.255443 
193 731 8.33 0.0358839 
696 732 8.33 0.00879218 
696 733 8.33 0.0450995 
319 734 66.64 0.143824 
319 735 8.33 0.070781 
584 736 124.95 0.231375 
584 737 16.66 0.0577929 
728 738 8.33 0.00887647 
728 739 16.66 0.0568053 
257 740 24.99 0.0864698 
257 741 8.33 0.00254471 
715 742 8.33 0.0117354 
715 743 24.99 0.0930608 
752 744 24.99 0.0910774 
752 745 8.33 0.0282792 
990 746 24.99 0.0816117 
990 747 8.33 0.00357413 
202 748 83.3 0.170515 
202 749 8.33 0.00679836 
378 750 33.32 0.0932065 
378 751 24.99 0.0624932 
243 752 33.32 0.114608 
243 753 8.33 0.0647325 
221 754 41.65 0.113872 
221 755 8.33 0.0610838 
311 756 24.99 0.0949286 
311 757 8.33 0.00297858 
203 758 16.66 0.0477954 
203 759 33.32 0.101876 
596 760 24.99 0.0658115 
596 761 8.33 0.070041 
525 762 8.33 0.0263188 
525 763 33.32 0.0890629 
1966 764 8.33 0.0319618 
1966 765 8.33 0.0258878 
132 766 499.8 0.563746 
132 767 33.32 0.111706 
28 768 183.26 0.288061 
28 769 8.33 0.00681981 
20 770 266.56 0.384247 
20 771 8.33 0.0196416 
1668 772 41.65 0.117908 
1668 773 8.33 0.00566887 
205 774 33.32 0.0817988 
205 775 8.33 0.0310193 
1744 776 16.66 0.0283991 
1744 777 8.33 0.0461959 
281 778 116.62 0.224336 
281 779 8.33 0.0435263 
199 780 24.99 0.0768411 
199 781 8.33 0.00850334 
484 782 91.63 0.18178 
484 783 24.99 0.108202 
280 784 41.65 0.105855 
280 785 24.99 0.0522636 
1742 786 33.32 0.0717554 
1742 787 8.33 0.0331053 
1286 788 8.33 0.0334386 
1286 789 24.99 0.0636205 
518 790 49.98 0.144715 
518 791 8.33 0.0374189 
1782 792 8.33 0.0383134 
1782 793 16.66 0.0630646 
163 794 16.66 0.070314 
163 795 8.33 0.0208624 
343 796 16.66 0.063475 
343 797 8.33 0.0456301 
756 798 16.66 0.0427519 
756 799 8.33 0.0422278 
1514 800 24.99 0.0884089 
1514 801 8.33 0.0479315 
18 802 358.19 0.43911 
18 803 8.33 0.071299 
67 804 49.98 0.14926 
67 805 8.33 0.0757575 
1426 806 49.98 0.125803 
1426 807 8.33 0.0217124 
1108 808 8.33 0.0360842 
1108 809 8.33 0.0415554 
606 810 8.33 0.0136159 
606 811 8.33 0.0435934 
574 812 8.33 0.0116822 
574 813 8.33 0.0356919 
1154 814 49.98 0.120312 
1154 815 8.33 0.0493229 
52 816 1474.41 0.984817 
52 817 8.33 0.00302874 
1802 818 8.33 0.0259869 
1802 819 24.99 0.0829907 
564 820 49.98 0.122212 
564 821 8.33 0.0411029 
325 822 58.31 0.133524 
325 823 8.33 0.0198237 
100 824 374.85 0.475004 
100 825 8.33 0.0480584 
192 826 83.3 0.154785 
192 827 8.33 0.0285612 
1994 828 16.66 0.0470867 
1994 829 8.33 0.0761219 
758 830 8.33 0.0149458 
758 831 8.33 0.0381297 
880 832 24.99 0.0571507 
880 833 8.33 0.0467893 
507 834 24.99 0.0826478 
507 835 16.66 0.046934 
89 836 99.96 0.198448 
89 837 8.33 0.03072 
424 838 8.33 0.0192769 
424 839 33.32 0.0727208 
400 840 216.58 0.311747 
400 841 8.33 0.0276921 
381 842 8.33 0.0132357 
381 843 8.33 0.0645737 
706 844 41.65 0.12543 
706 845 8.33 0.0439421 
289 846 16.66 0.0492284 
289 847 8.33 0.0442169 
137 848 8.33 0.0427139 
137 849 41.65 0.102818 
750 850 24.99 0.0835719 
750 851 8.33 0.0208537 
1914 852 16.66 0.0493398 
1914 853 8.33 0.0602521 
231 854 8.33 0.031003 
231 855 24.99 0.0801772 
1562 856 16.66 0.0407837 
1562 857 33.32 0.0929889 
1776 858 258.23 0.334559 
1776 859 8.33 0.0299718 
350 860 1324.47 0.883935 
350 861 24.99 0.0805291 
282 862 58.31 0.131506 
282 863 8.33 0.0182768 
1862 864 41.65 0.151835 
1862 865 8.33 0.0401675 
436 866 1749.3 1.05011 
436 867 8.33 0.0155785 
24 868 824.67 0.697808 
24 869 16.66 0.052903 
780 870 16.66 0.0439705 
780 871 8.33 0.021655 
347 872 24.99 0.0720335 
347 873 8.33 0.0282621 
1992 874 8.33 0.022466 
1992 875 8.33 0.0362983 
500 876 24.99 0.0802163 
500 877 8.33 0.053069 
458 878 1366.12 0.857617 
458 879 8.33 0.0287187 
822 880 33.32 0.0876551 
822 881 24.99 0.094235 
13 882 1832.6 1.13992 
13 883 8.33 0.0421712 
37 884 83.3 0.195775 
37 885 8.33 0.0509877 
129 886 8.33 0.00968269 
129 887 8.33 0.0629645 
529 888 24.99 0.0699835 
529 889 8.33 0.0335434 
369 890 8.33 0.0182713 
369 891 8.33 0.0801376 
1674 892 8.33 0.0257824 
1674 893 8.33 0.0331 
441 894 8.33 0.017585 
441 895 8.33 0.0679504 
1828 896 8.33 0.0304666 
1828 897 8.33 0.0308293 
612 898 8.33 0.0182443 
612 899 8.33 0.0152347 
832 900 16.66 0.0137961 
832 901 8.33 0.0553395 
410 902 1116.22 0.768691 
410 903 8.33 0.0179574 
420 904 33.32 0.0712856 
420 905 8.33 0.044407 
31 906 483.14 0.500007 
31 907 8.33 0.0550416 
1472 908 1166.2 0.862281 
1472 909 8.33 0.0446368 
538 910 91.63 0.17414 
538 911 8.33 0.0384609 
548 912 866.32 0.712618 
548 913 24.99 0.0729516 
272 914 58.31 0.136082 
272 915 8.33 0.0101258 
1930 916 8.33 0.0149143 
1930 917 8.33 0.0224473 
1954 918 8.33 0.0409861 
1954 919 8.33 0.0279021 
768 920 174.93 0.281634 
768 921 8.33 0.0465817 
304 922 66.64 0.160297 
304 923 8.33 0.0409889 
702 924 24.99 0.0535819 
702 925 8.33 0.0545839 
402 926 58.31 0.137176 
402 927 8.33 0.0286898 
708 928 124.95 0.254103 
708 929 8.33 0.0338159 
58 930 233.24 0.352319 
58 931 8.33 0.0134731 
1584 932 49.98 0.131243 
1584 933 8.33 0.0434526 
794 934 8.33 0.0251184 
794 935 8.33 0.0241939 
123 936 66.64 0.199593 
123 937 8.33 0.0126701 
473 938 33.32 0.0930481 
473 939 8.33 0.00501204 
632 940 41.65 0.122779 
632 941 16.66 0.0945104 
328 942 158.27 0.240091 
328 943 33.32 0.068462 
615 944 8.33 0.0310045 
615 945 8.33 0.0522098 
1988 946 8.33 0.0311356 
1988 947 16.66 0.0687532 
313 948 16.66 0.0647733 
313 949 8.33 0.0467943 
872 950 16.66 0.028544 
872 951 8.33 0.0401655 
852 952 8.33 0.0126589 
852 953 8.33 0.0333866 
607 954 16.66 0.0537969 
607 955 8.33 0.00303359 
1350 956 8.33 0.0266457 
1350 957 8.33 0.0248032 
65 958 124.95 0.256165 
65 959 8.33 0.0676092 
96 960 66.64 0.167586 
96 961 8.33 0.0232148 
1360 962 16.66 0.0584099 
1360 963 8.33 0.039651 
1296 964 124.95 0.229368 
1296 965 8.33 0.02644 
197 966 41.65 0.0998937 
197 967 8.33 0.0640961 
446 968 8.33 0.0119912 
446 969 8.33 0.0142179 
744 970 16.66 0.0409294 
744 971 8.33 0.0455607 
796 972 8.33 0.0183318 
796 973 8.33 0.0437162 
692 974 24.99 0.0829938 
692 975 8.33 0.012786 
498 976 8.33 0.0155784 
498 977 8.33 0.0210964 
536 978 8.33 0.0174007 
536 979 8.33 0.0148925 
1714 980 33.32 0.0839739 
1714 981 8.33 0.0392732 
1778 982 8.33 0.0243337 
1778 983 8.33 0.0251061 
361 984 16.66 0.0656834 
361 985 8.33 0.00390384 
668 986 49.98 0.0948027 
668 987 8.33 0.0562162 
107 988 16.66 0.0488776 
107 989 8.33 0.072776 
149 990 33.32 0.104778 
149 991 8.33 0.0344117 
288 992 8.33 0.0197167 
288 993 8.33 0.040187 
141 994 8.33 0.0313497 
141 995 8.33 0.0498817 
602 996 16.66 0.0661076 
602 997 8.33 0.035265 
718 998 66.64 0.152277 
718 999 8.33 0.0249978 
423 1000 16.66 0.0534839 
423 1001 33.32 0.0997457 
437 1002 33.32 0.0927841 
437 1003 8.33 0.0143081 
449 1004 24.99 0.0848215 
449 1005 8.33 0.00558397 
628 1006 33.32 0.0681554 
628 1007 8.33 0.0591127 
443 1008 33.32 0.0783686 
443 1009 8.33 0.00338097 
1004 1010 16.66 0.0297598 
1004 1011 8.33 0.044642 
1002 1012 24.99 0.0545126 
1002 1013 8.33 0.0372579 
870 1014 8.33 0.0190072 
870 1015 8.33 0.0236186 
47 1016 99.96 0.204745 
47 1017 8.33 0.040029 
258 1018 8.33 0.0244986 
258 1019 8.33 0.01456 
910 1020 83.3 0.166216 
910 1021 8.33 0.0334561 
1916 1022 8.33 0.0240143 
1916 1023 8.33 0.0459359 
45 1024 74.97 0.179236 
45 1025 8.33 0.0570386 
159 1026 41.65 0.122125 
159 1027 8.33 0.0182538 
386 1028 8.33 0.0260828 
386 1029 8.33 0.0160292 
431 1030 33.32 0.106887 
431 1031 8.33 0.00374552 
673 1032 16.66 0.0653508 
673 1033 8.33 0.016006 
268 1034 41.65 0.120954 
268 1035 8.33 0.0251283 
589 1036 8.33 0.0268107 
589 1037 24.99 0.0775312 
980 1038 24.99 0.0770664 
980 1039 8.33 0.0259684 
948 1040 8.33 0.0159607 
948 1041 8.33 0.0467536 
266 1042 8.33 0.0384131 
266 1043 8.33 0.0129197 
482 1044 8.33 0.0188189 
482 1045 8.33 0.00714149 
44 1046 16.66 0.0811722 
44 1047 8.33 0.0339144 
828 1048 8.33 0.0126184 
828 1049 8.33 0.0467259 
171 1050 24.99 0.0866531 
171 1051 8.33 0.0018048 
391 1052 16.66 0.0656573 
391 1053 8.33 0.0412449 
336 1054 99.96 0.184279 
336 1055 8.33 0.0108639 
1708 1056 383.18 0.422257 
1708 1057 8.33 0.0346111 
806 1058 41.65 0.0981924 
806 1059 8.33 0.0680013 
250 1060 74.97 0.169166 
250 1061 8.33 0.0482345 
655 1062 33.32 0.0882832 
655 1063 8.33 0.00648085 
320 1064 208.25 0.291593 
320 1065 8.33 0.0181483 
1384 1066 8.33 0.020185 
1384 1067 8.33 0.0448254 
1288 1068 8.33 0.0271135 
1288 1069 24.99 0.0765855 
550 1070 8.33 0.019423 
550 1071 8.33 0.0142475 
19 1072 949.62 0.784239 
19 1073 8.33 0.00332596 
419 1074 16.66 0.0694289 
419 1075 8.33 0.0125392 
1052 1076 8.33 0.0203814 
1052 1077 8.33 0.0322918 
297 1078 24.99 0.0753735 
297 1079 8.33 0.00322283 
936 1080 58.31 0.177124 
936 1081 8.33 0.0464186 
522 1082 932.96 0.746495 
522 1083 8.33 0.0586297 
1030 1084 8.33 0.0209778 
1030 1085 24.99 0.0798952 
1172 1086 8.33 0.0268408 
1172 1087 8.33 0.0254828 
249 1088 33.32 0.073886 
249 1089 8.33 0.00592138 
53 1090 233.24 0.317005 
53 1091 8.33 0.0312147 
1836 1092 16.66 0.0558682 
1836 1093 8.33 0.0358936 
190 1094 199.92 0.265179 
190 1095 8.33 0.0183695 
962 1096 8.33 0.0120643 
962 1097 8.33 0.0534303 
690 1098 8.33 0.0121219 
690 1099 8.33 0.0316278 
417 1100 16.66 0.0590078 
417 1101 8.33 0.0345389 
291 1102 16.66 0.0405084 
291 1103 8.33 0.0491757 
477 1104 16.66 0.0643318 
477 1105 8.33 0.0343581 
418 1106 8.33 0.00959184 
418 1107 8.33 0.0527708 
740 1108 16.66 0.066794 
740 1109 8.33 0.0389347 
698 1110 5589.43 1.84652 
698 1111 8.33 0.0154649 
99 1112 133.28 0.245578 
99 1113 8.33 0.0120702 
1100 1114 8.33 0.0187763 
1100 1115 8.33 0.037086 
1312 1116 8.33 0.0226468 
1312 1117 8.33 0.0202128 
50 1118 308.21 0.408185 
50 1119 8.33 0.0491558 
57 1120 124.95 0.257203 
57 1121 8.33 0.0538071 
275 1122 16.66 0.0674939 
275 1123 8.33 0.0113895 
1894 1124 8.33 0.0195681 
1894 1125 8.33 0.0681844 
124 1126 58.31 0.137979 
124 1127 8.33 0.0121318 
1104 1128 8.33 0.0174143 
1104 1129 8.33 0.04075 
658 1130 74.97 0.170436 
658 1131 24.99 0.0659498 
290 1132 8.33 0.0183383 
290 1133 8.33 0.0388058 
1122 1134 8.33 0.0275737 
1122 1135 8.33 0.0376175 
40 1136 1932.56 1.22026 
40 1137 8.33 0.0112791 
359 1138 8.33 0.0510958 
359 1139 8.33 0.0204946 
105 1140 424.83 0.463232 
105 1141 8.33 0.0432586 
153 1142 74.97 0.192001 
153 1143 8.33 0.00994269 
672 1144 8.33 0.0271358 
672 1145 8.33 0.033115 
91 1146 199.92 0.293167 
91 1147 8.33 0.0371569 
165 1148 74.97 0.173607 
165 1149 8.33 0.0592959 
1078 1150 16.66 0.0385756 
1078 1151 8.33 0.0379977 
1830 1152 8.33 0.0206959 
1830 1153 8.33 0.0379743 
404 1154 58.31 0.138944 
404 1155 8.33 0.0443534 
1904 1156 16.66 0.0353294 
1904 1157 8.33 0.0448756 
388 1158 8.33 0.0284007 
388 1159 16.66 0.0392198 
524 1160 1724.31 1.02318 
524 1161 8.33 0.0483469 
439 1162 8.33 0.0152057 
439 1163 8.33 0.05267 
286 1164 58.31 0.147717 
286 1165 8.33 0.00163755 
309 1166 16.66 0.0670261 
309 1167 8.33 0.00923448 
114 1168 8.33 0.0164156 
114 1169 8.33 0.0441051 
407 1170 33.32 0.0710734 
407 1171 8.33 0.00638142 
1050 1172 16.66 0.0539061 
1050 1173 8.33 0.0505739 
666 1174 8.33 0.0200609 
666 1175 8.33 0.00447024 
1074 1176 8.33 0.0229167 
1074 1177 8.33 0.0320039 
136 1178 1391.11 0.900527 
136 1179 8.33 0.0265775 
341 1180 33.32 0.0883632 
341 1181 8.33 0.0316659 
686 1182 1391.11 0.909378 
686 1183 8.33 0.0171633 
1600 1184 33.32 0.0927173 
1600 1185 8.33 0.036289 
108 1186 158.27 0.286876 
108 1187 8.33 0.0166196 
1902 1188 8.33 0.0199535 
1902 1189 8.33 0.0271929 
493 1190 33.32 0.0924654 
493 1191 8.33 0.00433218 
450 1192 208.25 0.321372 
450 1193 8.33 0.0443543 
1224 1194 16.66 0.0402639 
1224 1195 8.33 0.0415116 
824 1196 366.52 0.470998 
824 1197 8.33 0.0258472 
180 1198 1132.88 0.813898 
180 1199 8.33 0.0671579 
204 1200 24.99 0.0816611 
204 1201 8.33 0.00907597 
1886 1202 16.66 0.0544844 
1886 1203 8.33 0.0352191 
111 1204 8.33 0.0226323 
111 1205 16.66 0.0643788 
1072 1206 941.29 0.764739 
1072 1207 8.33 0.0407724 
1202 1208 8.33 0.0151035 
1202 1209 8.33 0.0335238 
1166 1210 8.33 0.0222408 
1166 1211 8.33 0.0273107 
1184 1212 24.99 0.0592529 
1184 1213 8.33 0.0439098 
39 1214 158.27 0.270925 
39 1215 8.33 0.0272612 
1085 1216 16.66 0.0519393 
1085 1217 8.33 0.0287096 
900 1218 8.33 0.00972538 
900 1219 8.33 0.00400372 
1846 1220 8.33 0.00919825 
1846 1221 8.33 0.0655996 
156 1222 8.33 0.0193487 
156 1223 8.33 0.0149653 
1190 1224 24.99 0.0689757 
1190 1225 8.33 0.0478182 
83 1226 8.33 0.0125012 
83 1227 24.99 0.08035 
786 1228 24.99 0.0491363 
786 1229 8.33 0.0360776 
1156 1230 8.33 0.0100433 
1156 1231 8.33 0.0298661 
552 1232 49.98 0.108731 
552 1233 8.33 0.0452259 
461 1234 8.33 0.0183651 
461 1235 8.33 0.0685415 
846 1236 8.33 0.0156041 
846 1237 8.33 0.0225048 
683 1238 8.33 0.0332087 
683 1239 24.99 0.0770993 
657 1240 8.33 0.012931 
657 1241 8.33 0.0563633 
1864 1242 8.33 0.0216814 
1864 1243 16.66 0.0482832 
988 1244 8.33 0.0129658 
988 1245 8.33 0.0401573 
567 1246 8.33 0.0154946 
567 1247 24.99 0.0824305 
64 1248 549.78 0.578897 
64 1249 8.33 0.0320938 
414 1250 24.99 0.078672 
414 1251 8.33 0.0273776 
1064 1252 199.92 0.279714 
1064 1253 8.33 0.0287693 
235 1254 24.99 0.0817927 
235 1255 8.33 0.00960978 
509 1256 16.66 0.0659353 
509 1257 8.33 0.00929737 
144 1258 8.33 0.0392781 
144 1259 8.33 0.0201213 
479 1260 24.99 0.0728454 
479 1261 8.33 0.00199684 
160 1262 241.57 0.340584 
160 1263 8.33 0.0134969 
1032 1264 8.33 0.0250274 
1032 1265 8.33 0.018502 
23 1266 516.46 0.552761 
23 1267 16.66 0.0559339 
984 1268 8.33 0.022265 
984 1269 8.33 0.0312652 
77 1270 116.62 0.222328 
77 1271 8.33 0.0716783 
942 1272 149.94 0.237517 
942 1273 8.33 0.0162016 
101 1274 116.62 0.231379 
101 1275 8.33 0.0104754 
195 1276 33.32 0.0743011 
195 1277 8.33 0.00335498 
270 1278 8.33 0.0105324 
270 1279 8.33 0.00980231 
254 1280 74.97 0.150278 
254 1281 8.33 0.0105797 
1260 1282 8.33 0.0171543 
1260 1283 16.66 0.0479628 
1968 1284 8.33 0.0192234 
1968 1285 8.33 0.0546232 
166 1286 33.32 0.0819695 
166 1287 8.33 0.0208414 
1026 1288 33.32 0.0949136 
1026 1289 8.33 0.0496452 
839 1290 8.33 0.00901506 
839 1291 24.99 0.0722074 
310 1292 1082.9 0.803254 
310 1293 8.33 0.0125554 
225 1294 8.33 0.0264827 
225 1295 8.33 0.0373942 
61 1296 133.28 0.250557 
61 1297 8.33 0.0636794 
10 1298 41.65 0.119137 
10 1299 8.33 0.00601778 
699 1300 8.33 0.031657 
699 1301 8.33 0.0504957 
1239 1302 16.66 0.0503575 
1239 1303 8.33 0.0163066 
1010 1304 8.33 0.0185096 
1010 1305 8.33 0.01317 
321 1306 8.33 0.0171615 
321 1307 8.33 0.0619981 
1016 1308 91.63 0.174075 
1016 1309 8.33 0.0557843 
678 1310 8.33 0.0185715 
678 1311 8.33 0.0113316 
1008 1312 16.66 0.042546 
1008 1313 16.66 0.0622473 
772 1314 33.32 0.0926292 
772 1315 8.33 0.014897 
527 1316 8.33 0.0310305 
527 1317 8.33 0.0756602 
770 1318 258.23 0.367836 
770 1319 8.33 0.0394232 
598 1320 8.33 0.0203349 
598 1321 8.33 0.00576115 
570 1322 8.33 0.0100936 
570 1323 8.33 0.0339019 
566 1324 8.33 0.0199992 
566 1325 8.33 0.0366489 
492 1326 199.92 0.302614 
492 1327 16.66 0.0311411 
1276 1328 8.33 0.0186484 
1276 1329 24.99 0.0442201 
1062 1330 24.99 0.0659709 
1062 1331 8.33 0.0430776 
1302 1332 8.33 0.0172756 
1302 1333 8.33 0.0219863 
133 1334 24.99 0.0674295 
133 1335 8.33 0.00286548 
421 1336 16.66 0.0588401 
421 1337 8.33 0.0163321 
926 1338 49.98 0.125304 
926 1339 8.33 0.0344823 
622 1340 299.88 0.351204 
622 1341 8.33 0.0501517 
371 1342 8.33 0.00785144 
371 1343 8.33 0.0647349 
783 1344 8.33 0.0291356 
783 1345 16.66 0.0663669 
260 1346 8.33 0.0100056 
260 1347 8.33 0.0162217 
1336 1348 8.33 0.020029 
1336 1349 8.33 0.0251197 
834 1350 16.66 0.0502237 
834 1351 8.33 0.0523872 
342 1352 8.33 0.0245438 
342 1353 8.33 0.0279434 
1252 1354 191.59 0.2694 
1252 1355 8.33 0.0675624 
490 1356 483.14 0.522143 
490 1357 8.33 0.0462332 
63 1358 58.31 0.140903 
63 1359 8.33 0.0342022 
938 1360 24.99 0.0799951 
938 1361 8.33 0.0248505 
198 1362 8.33 0.0327295 
198 1363 8.33 0.0101085 
1308 1364 83.3 0.160105 
1308 1365 8.33 0.044994 
332 1366 8.33 0.0186909 
332 1367 8.33 0.024461 
759 1368 24.99 0.0727863 
759 1369 8.33 0.0151681 
483 1370 16.66 0.0370045 
483 1371 8.33 0.0504955 
515 1372 16.66 0.0673444 
515 1373 8.33 0.020436 
179 1374 16.66 0.0565038 
179 1375 8.33 0.00328079 
372 1376 33.32 0.078685 
372 1377 8.33 0.0344498 
147 1378 124.95 0.218082 
147 1379 8.33 0.0284585 
157 1380 8.33 0.030172 
157 1381 8.33 0.0686309 
819 1382 8.33 0.0173373 
819 1383 16.66 0.063995 
1330 1384 16.66 0.0488004 
1330 1385 8.33 0.042872 
333 1386 24.99 0.0802625 
333 1387 8.33 0.0147396 
1370 1388 8.33 0.00972691 
1370 1389 8.33 0.0248439 
620 1390 8.33 0.0240798 
620 1391 8.33 0.00380135 
601 1392 16.66 0.0460031 
601 1393 8.33 0.0417407 
1372 1394 8.33 0.0208747 
1372 1395 8.33 0.0357341 
1478 1396 8.33 0.022182 
1478 1397 8.33 0.04467 
1368 1398 16.66 0.0336249 
1368 1399 8.33 0.0420862 
1334 1400 16.66 0.0201461 
1334 1401 8.33 0.0513059 
645 1402 24.99 0.0602181 
645 1403 8.33 0.0369421 
215 1404 16.66 0.0507629 
215 1405 8.33 0.012238 
546 1406 24.99 0.0860931 
546 1407 8.33 0.036461 
1340 1408 274.89 0.33839 
1340 1409 24.99 0.0831139 
943 1410 24.99 0.0572408 
943 1411 8.33 0.00413995 
849 1412 8.33 0.0215296 
849 1413 33.32 0.0755006 
148 1414 66.64 0.152179 
148 1415 8.33 0.0229728 
730 1416 141.61 0.231838 
730 1417 8.33 0.0578342 
95 1418 91.63 0.202981 
95 1419 8.33 0.0354302 
711 1420 8.33 0.00778238 
711 1421 8.33 0.0473241 
7 1422 1790.95 1.09489 
7 1423 8.33 0.0450031 
26 1424 249.9 0.354429 
26 1425 8.33 0.0185891 
373 1426 58.31 0.15073 
373 1427 8.33 0.0477581 
194 1428 66.64 0.174863 
194 1429 8.33 0.0290427 
115 1430 8.33 0.0137698 
115 1431 8.33 0.0532349 
252 1432 66.64 0.134589 
252 1433 8.33 0.0114776 
264 1434 8.33 0.012921 
264 1435 8.33 0.0207477 
186 1436 8.33 0.00666415 
186 1437 8.33 0.0484185 
334 1438 49.98 0.114445 
334 1439 16.66 0.0399298 
1550 1440 8.33 0.0113753 
1550 1441 8.33 0.0638926 
21 1442 266.56 0.34884 
21 1443 8.33 0.0409408 
138 1444 8.33 0.0158505 
138 1445 8.33 0.018078 
737 1446 8.33 0.0194214 
737 1447 8.33 0.0455941 
640 1448 1357.79 0.910836 
640 1449 8.33 0.0365111 
1402 1450 16.66 0.026839 
1402 1451 8.33 0.0347281 
456 1452 8.33 0.0114642 
456 1453 8.33 0.00625737 
30 1454 616.42 0.627993 
30 1455 8.33 0.0332783 
38 1456 49.98 0.120421 
38 1457 8.33 0.0509935 
1146 1458 191.59 0.27316 
1146 1459 8.33 0.0173401 
635 1460 8.33 0.0202907 
635 1461 16.66 0.0669753 
1092 1462 8.33 0.0188257 
1092 1463 8.33 0.0285408 
296 1464 8.33 0.0289689 
296 1465 8.33 0.0259167 
954 1466 8.33 0.0215207 
954 1467 8.33 0.0151653 
743 1468 16.66 0.0629111 
743 1469 8.33 0.0209663 
175 1470 66.64 0.173008 
175 1471 8.33 0.0143215 
276 1472 1174.53 0.878909 
276 1473 8.33 0.0369852 
970 1474 8.33 0.0130347 
970 1475 8.33 0.026756 
440 1476 1524.39 0.972277 
440 1477 8.33 0.0456586 
1386 1478 16.66 0.059556 
1386 1479 8.33 0.0323625 
558 1480 49.98 0.131163 
558 1481 8.33 0.00581028 
1256 1482 8.33 0.0309941 
1256 1483 8.33 0.0218155 
882 1484 1824.27 1.12004 
882 1485 8.33 0.0285159 
81 1486 241.57 0.348487 
81 1487 8.33 0.0104924 
836 1488 91.63 0.175872 
836 1489 8.33 0.0657168 
861 1490 16.66 0.0488453 
861 1491 8.33 0.0306984 
1468 1492 8.33 0.0278415 
1468 1493 8.33 0.0240918 
401 1494 16.66 0.0633394 
401 1495 8.33 0.0244113 
1398 1496 8.33 0.00863756 
1398 1497 8.33 0.0260838 
1494 1498 8.33 0.0209907 
1494 1499 8.33 0.0297399 
714 1500 8.33 0.0153078 
714 1501 8.33 0.0488388 
393 1502 24.99 0.0609546 
393 1503 8.33 0.0162037 
263 1504 16.66 0.0573502 
263 1505 8.33 0.00287279 
1504 1506 8.33 0.0197208 
1504 1507 8.33 0.0241924 
312 1508 8.33 0.0249055 
312 1509 8.33 0.0349439 
662 1510 183.26 0.272865 
662 1511 8.33 0.0123251 
1069 1512 16.66 0.0353132 
1069 1513 8.33 0.0574121 
370 1514 33.32 0.105998 
370 1515 8.33 0.0339304 
412 1516 33.32 0.0929182 
412 1517 8.33 0.0362687 
726 1518 8.33 0.00734821 
726 1519 8.33 0.0037578 
644 1520 982.94 0.83512 
644 1521 8.33 0.0362774 
1000 1522 8.33 0.0212616 
1000 1523 8.33 0.0354264 
1808 1524 8.33 0.0170414 
1808 1525 24.99 0.0704042 
127 1526 16.66 0.0701893 
127 1527 8.33 0.0140279 
881 1528 16.66 0.063812 
881 1529 8.33 0.02835 
653 1530 16.66 0.0502269 
653 1531 8.33 0.0132554 
69 1532 16.66 0.0745133 
69 1533 8.33 0.0174794 
303 1534 8.33 0.00845645 
303 1535 16.66 0.0669322 
1532 1536 8.33 0.0230872 
1532 1537 8.33 0.0351028 
798 1538 8.33 0.015856 
798 1539 8.33 0.0315803 
1490 1540 8.33 0.0154524 
1490 1541 8.33 0.0227807 
767 1542 24.99 0.0596717 
767 1543 8.33 0.0331728 
704 1544 58.31 0.124336 
704 1545 8.33 0.0232397 
481 1546 16.66 0.0545853 
481 1547 8.33 0.00374717 
75 1548 124.95 0.212986 
75 1549 8.33 0.00789446 
390 1550 16.66 0.0491604 
390 1551 8.33 0.0167351 
161 1552 8.33 0.0186991 
161 1553 8.33 0.0664977 
1262 1554 233.24 0.328049 
1262 1555 8.33 0.0227134 
1150 1556 8.33 0.0128643 
1150 1557 8.33 0.0192812 
1528 1558 8.33 0.0163793 
1528 1559 8.33 0.0431371 
488 1560 816.34 0.665939 
488 1561 8.33 0.010132 
353 1562 49.98 0.110634 
353 1563 8.33 0.0530922 
729 1564 24.99 0.0674564 
729 1565 8.33 0.0068465 
856 1566 8.33 0.0117739 
856 1567 8.33 0.0238162 
869 1568 8.33 0.0142928 
869 1569 8.33 0.0509582 
1374 1570 8.33 0.0176143 
1374 1571 8.33 0.026277 
295 1572 8.33 0.0217881 
295 1573 24.99 0.0697656 
432 1574 24.99 0.0694548 
432 1575 8.33 0.0298155 
579 1576 16.66 0.0464169 
579 1577 8.33 0.0613416 
365 1578 8.33 0.00819427 
365 1579 8.33 0.052755 
1918 1580 8.33 0.0199696 
1918 1581 8.33 0.0189265 
1810 1582 16.66 0.0435469 
1810 1583 8.33 0.0232657 
592 1584 58.31 0.144422 
592 1585 8.33 0.0278561 
1212 1586 8.33 0.00838687 
1212 1587 16.66 0.0623829 
855 1588 16.66 0.0540642 
855 1589 8.33 0.00481318 
1872 1590 8.33 0.0171445 
1872 1591 8.33 0.0264294 
785 1592 16.66 0.0428842 
785 1593 8.33 0.00383253 
459 1594 8.33 0.0312953 
459 1595 8.33 0.0484349 
776 1596 8.33 0.0143171 
776 1597 8.33 0.00948832 
710 1598 16.66 0.0530351 
710 1599 8.33 0.0303894 
639 1600 41.65 0.116148 
639 1601 8.33 0.0423228 
155 1602 16.66 0.059742 
155 1603 8.33 0.0133972 
679 1604 24.99 0.0568504 
679 1605 8.33 0.0127853 
200 1606 66.64 0.137543 
200 1607 8.33 0.00741633 
486 1608 49.98 0.114851 
486 1609 8.33 0.0125981 
1588 1610 8.33 0.0160938 
1588 1611 8.33 0.0283173 
1928 1612 8.33 0.0170237 
1928 1613 8.33 0.0279947 
1409 1614 16.66 0.054538 
1409 1615 8.33 0.0172691 
664 1616 8.33 0.0156521 
664 1617 8.33 0.0204391 
463 1618 8.33 0.0145761 
463 1619 8.33 0.0517297 
377 1620 8.33 0.0115763 
377 1621 8.33 0.0587452 
1666 1622 8.33 0.0394592 
1666 1623 8.33 0.0240555 
168 1624 316.54 0.394978 
168 1625 8.33 0.0176 
285 1626 16.66 0.0529585 
285 1627 8.33 0.0031989 
1526 1628 8.33 0.0351682 
1526 1629 8.33 0.0274929 
1502 1630 16.66 0.0377788 
1502 1631 8.33 0.0220283 
549 1632 16.66 0.0517896 
549 1633 8.33 0.0048428 
941 1634 8.33 0.0352589 
941 1635 8.33 0.0519745 
1546 1636 8.33 0.0179227 
1546 1637 8.33 0.0341039 
1404 1638 8.33 0.017218 
1404 1639 8.33 0.0198921 
1530 1640 8.33 0.0201806 
1530 1641 8.33 0.0176082 
913 1642 16.66 0.033844 
913 1643 8.33 0.057321 
1205 1644 8.33 0.0396444 
1205 1645 8.33 0.0196429 
397 1646 16.66 0.0454146 
397 1647 8.33 0.00137461 
453 1648 8.33 0.0160866 
453 1649 16.66 0.064178 
1006 1650 24.99 0.0657952 
1006 1651 8.33 0.0146665 
219 1652 8.33 0.0381616 
219 1653 8.33 0.0274928 
240 1654 99.96 0.190187 
240 1655 8.33 0.011334 
1090 1656 224.91 0.297887 
1090 1657 8.33 0.0167067 
1243 1658 8.33 0.022687 
1243 1659 8.33 0.0332245 
1582 1660 8.33 0.0159933 
1582 1661 8.33 0.018046 
1614 1662 8.33 0.0195914 
1614 1663 8.33 0.0245422 
583 1664 16.66 0.0568177 
583 1665 8.33 0.010869 
1247 1666 16.66 0.0591773 
1247 1667 8.33 0.0431571 
135 1668 49.98 0.118594 
135 1669 8.33 0.0432503 
707 1670 8.33 0.0256891 
707 1671 8.33 0.054034 
1408 1672 266.56 0.335556 
1408 1673 8.33 0.0140809 
888 1674 16.66 0.0535284 
888 1675 8.33 0.0174328 
326 1676 8.33 0.0213644 
326 1677 8.33 0.0370033 
337 1678 16.66 0.0496562 
337 1679 8.33 0.0031122 
277 1680 33.32 0.106026 
277 1681 8.33 0.0343308 
1512 1682 8.33 0.00749886 
1512 1683 8.33 0.0351193 
627 1684 8.33 0.014527 
627 1685 8.33 0.046312 
1102 1686 8.33 0.0118408 
1102 1687 8.33 0.0240479 
1060 1688 66.64 0.16524 
1060 1689 8.33 0.0167222 
1912 1690 8.33 0.0321687 
1912 1691 8.33 0.0334676 
689 1692 8.33 0.0419971 
689 1693 8.33 0.00314927 
1630 1694 8.33 0.00929258 
1630 1695 8.33 0.0335227 
1678 1696 8.33 0.0194172 
1678 1697 8.33 0.0201211 
1908 1698 41.65 0.139538 
1908 1699 8.33 0.0472304 
1602 1700 8.33 0.0195223 
1602 1701 8.33 0.0328078 
682 1702 16.66 0.0412507 
682 1703 8.33 0.00822938 
398 1704 1199.52 0.845159 
398 1705 8.33 0.0127563 
793 1706 8.33 0.0201591 
793 1707 8.33 0.046261 
284 1708 391.51 0.434356 
284 1709 8.33 0.0248585 
694 1710 8.33 0.0220458 
694 1711 8.33 0.0303143 
211 1712 8.33 0.0297683 
211 1713 8.33 0.0293316 
152 1714 41.65 0.0971041 
152 1715 8.33 0.00853881 
130 1716 16.66 0.0547383 
130 1717 8.33 0.00987252 
134 1718 932.96 0.75665 
134 1719 8.33 0.0195254 
1649 1720 8.33 0.0364834 
1649 1721 8.33 0.0262888 
1170 1722 24.99 0.0518757 
1170 1723 8.33 0.037373 
1525 1724 16.66 0.0490672 
1525 1725 8.33 0.0160955 
535 1726 16.66 0.0597094 
535 1727 8.33 0.00527448 
1548 1728 116.62 0.197702 
1548 1729 8.33 0.0485769 
1664 1730 8.33 0.015642 
1664 1731 8.33 0.0361728 
259 1732 16.66 0.0477108 
259 1733 8.33 0.0276101 
54 1734 716.38 0.662669 
54 1735 8.33 0.0456003 
1626 1736 8.33 0.0200531 
1626 1737 8.33 0.0171886 
1131 1738 16.66 0.0590641 
1131 1739 8.33 0.00619414 
170 1740 8.33 0.0199486 
170 1741 8.33 0.0162969 
631 1742 41.65 0.101235 
631 1743 8.33 0.0353869 
774 1744 24.99 0.0630815 
774 1745 8.33 0.0295492 
1642 1746 8.33 0.00831889 
1642 1747 8.33 0.0291918 
82 1748 274.89 0.390852 
82 1749 8.33 0.0318087 
1438 1750 41.65 0.110421 
1438 1751 8.33 0.0206623 
224 1752 74.97 0.155993 
224 1753 8.33 0.0304761 
1535 1754 8.33 0.0425245 
1535 1755 8.33 0.0241239 
1510 1756 166.6 0.26334 
1510 1757 16.66 0.0786794 
1724 1758 8.33 0.0180492 
1724 1759 8.33 0.0178053 
1576 1760 8.33 0.0123081 
1576 1761 8.33 0.0321757 
1486 1762 233.24 0.338229 
1486 1763 8.33 0.0321314 
1632 1764 8.33 0.0168229 
1632 1765 8.33 0.0262933 
1726 1766 8.33 0.0163656 
1726 1767 8.33 0.0368688 
143 1768 58.31 0.143299 
143 1769 8.33 0.0397465 
763 1770 24.99 0.0665473 
763 1771 8.33 0.00826794 
857 1772 24.99 0.0790078 
857 1773 8.33 0.014731 
1800 1774 8.33 0.0186314 
1800 1775 8.33 0.0208011 
724 1776 266.56 0.350256 
724 1777 8.33 0.0582307 
102 1778 16.66 0.0497136 
102 1779 8.33 0.00158278 
1345 1780 8.33 0.0409635 
1345 1781 8.33 0.0156917 
1314 1782 24.99 0.0802213 
1314 1783 8.33 0.0361113 
619 1784 8.33 0.021315 
619 1785 8.33 0.0332483 
72 1786 66.64 0.163036 
72 1787 8.33 0.00579386 
1587 1788 8.33 0.013016 
1587 1789 8.33 0.0565131 
789 1790 16.66 0.0478872 
789 1791 8.33 0.00579782 
1329 1792 16.66 0.0436219 
1329 1793 8.33 0.00293217 
1772 1794 16.66 0.0405511 
1772 1795 8.33 0.041861 
1794 1796 8.33 0.00967964 
1794 1797 8.33 0.0307518 
1792 1798 8.33 0.0134985 
1792 1799 8.33 0.0233935 
1770 1800 16.66 0.0392737 
1770 1801 8.33 0.0476475 
1058 1802 33.32 0.0893391 
1058 1803 8.33 0.0302149 
1037 1804 16.66 0.0542446 
1037 1805 8.33 0.0124127 
1732 1806 8.33 0.0150779 
1732 1807 8.33 0.0226081 
395 1808 33.32 0.0804785 
395 1809 8.33 0.054418 
1413 1810 24.99 0.0601854 
1413 1811 8.33 0.0373706 
470 1812 1774.29 1.05034 
470 1813 8.33 0.0331481 
1216 1814 8.33 0.0156239 
1216 1815 8.33 0.0268522 
1738 1816 8.33 0.0176676 
1738 1817 8.33 0.0319218 
802 1818 349.86 0.434386 
802 1819 8.33 0.0161078 
1573 1820 16.66 0.0460588 
1573 1821 8.33 0.017049 
245 1822 33.32 0.111507 
245 1823 8.33 0.0592452 
384 1824 8.33 0.0175735 
384 1825 8.33 0.0330968 
94 1826 233.24 0.350699 
94 1827 8.33 0.0215434 
234 1828 16.66 0.057498 
234 1829 8.33 0.0408667 
216 1830 16.66 0.0455159 
216 1831 8.33 0.00250552 
344 1832 99.96 0.183392 
344 1833 8.33 0.00387986 
751 1834 16.66 0.0495073 
751 1835 8.33 0.00125203 
1001 1836 24.99 0.0813871 
1001 1837 8.33 0.0450436 
9 1838 1024.59 0.869285 
9 1839 8.33 0.0425217 
262 1840 58.31 0.158949 
262 1841 8.33 0.0167912 
387 1842 16.66 0.0578008 
387 1843 8.33 0.00884732 
1834 1844 8.33 0.0204987 
1834 1845 8.33 0.0238637 
1012 1846 16.66 0.0498534 
1012 1847 8.33 0.0216855 
324 1848 83.3 0.165663 
324 1849 8.33 0.0056881 
1820 1850 8.33 0.0159946 
1820 1851 8.33 0.0169916 
273 1852 16.66 0.0562996 
273 1853 8.33 0.00188201 
1266 1854 508.13 0.537075 
1266 1855 8.33 0.0541478 
1922 1856 8.33 0.0161869 
1922 1857 8.33 0.0300955 
374 1858 8.33 0.0146594 
374 1859 8.33 0.0380795 
947 1860 8.33 0.0421763 
947 1861 8.33 0.0048197 
246 1862 49.98 0.157496 
246 1863 8.33 0.00118736 
228 1864 24.99 0.063971 
228 1865 8.33 0.0376025 
572 1866 841.33 0.710258 
572 1867 8.33 0.0258868 
322 1868 733.04 0.69531 
322 1869 8.33 0.0263697 
501 1870 8.33 0.0110382 
501 1871 8.33 0.0455084 
1564 1872 16.66 0.0418501 
1564 1873 8.33 0.0438306 
1852 1874 8.33 0.0203906 
1852 1875 8.33 0.0183734 
451 1876 8.33 0.0342372 
451 1877 8.33 0.0290875 
531 1878 16.66 0.0627794 
531 1879 8.33 0.0148585 
1227 1880 16.66 0.059592 
1227 1881 8.33 0.0164261 
1878 1882 8.33 0.0174623 
1878 1883 8.33 0.0474275 
1728 1884 108.29 0.193748 
1728 1885 8.33 0.0131879 
1180 1886 24.99 0.0748117 
1180 1887 8.33 0.0357716 
1804 1888 8.33 0.0190783 
1804 1889 8.33 0.0257905 
1646 1890 8.33 0.0168403 
1646 1891 8.33 0.0170731 
314 1892 2090.83 1.24712 
314 1893 8.33 0.0314142 
523 1894 16.66 0.0680447 
523 1895 8.33 0.0386819 
1194 1896 8.33 0.0118371 
1194 1897 8.33 0.0221651 
858 1898 249.9 0.319595 
858 1899 8.33 0.00898057 
950 1900 8.33 0.0105979 
950 1901 8.33 0.0164087 
1722 1902 16.66 0.0396191 
1722 1903 8.33 0.0238663 
1088 1904 24.99 0.0606044 
1088 1905 8.33 0.0288065 
1842 1906 8.33 0.0158688 
1842 1907 8.33 0.039953 
183 1908 49.98 0.15557 
183 1909 8.33 0.0494921 
561 1910 16.66 0.0419981 
561 1911 8.33 0.0240798 
1291 1912 16.66 0.0571199 
1291 1913 8.33 0.035233 
533 1914 24.99 0.0843021 
533 1915 8.33 0.0426716 
208 1916 16.66 0.0548316 
208 1917 8.33 0.0453689 
1542 1918 16.66 0.041165 
1542 1919 8.33 0.0287418 
556 1920 24.99 0.0634158 
556 1921 8.33 0.00782754 
1604 1922 16.66 0.0394588 
1604 1923 8.33 0.0340919 
1082 1924 924.63 0.736036 
1082 1925 8.33 0.0371363 
1450 1926 8.33 0.00831863 
1450 1927 8.33 0.0235774 
1410 1928 16.66 0.0408138 
1410 1929 8.33 0.025419 
720 1930 16.66 0.0372739 
720 1931 8.33 0.00537705 
1790 1932 8.33 0.01646 
1790 1933 8.33 0.0202351 
1702 1934 8.33 0.013186 
1702 1935 8.33 0.0252211 
884 1936 74.97 0.184165 
884 1937 8.33 0.0403244 
429 1938 8.33 0.0368129 
429 1939 8.33 0.00359532 
241 1940 8.33 0.0169435 
241 1941 8.33 0.0506856 
1283 1942 8.33 0.0230092 
1283 1943 8.33 0.0283124 
1400 1944 8.33 0.00782018 
1400 1945 8.33 0.00600087 
110 1946 216.58 0.319237 
110 1947 8.33 0.0377542 
1159 1948 8.33 0.019516 
1159 1949 8.33 0.0288716 
1313 1950 8.33 0.0204364 
1313 1951 8.33 0.0426983 
1392 1952 8.33 0.021025 
1392 1953 8.33 0.0244925 
1250 1954 16.66 0.0583238 
1250 1955 8.33 0.0453991 
191 1956 8.33 0.0428676 
191 1957 8.33 0.0120831 
964 1958 116.62 0.211638 
964 1959 8.33 0.00853585 
739 1960 8.33 0.0438266 
739 1961 8.33 0.015714 
1327 1962 8.33 0.0345722 
1327 1963 8.33 0.00300253 
1442 1964 258.23 0.333162 
1442 1965 8.33 0.0494324 
746 1966 16.66 0.0582019 
746 1967 8.33 0.0279435 
1254 1968 16.66 0.0605596 
1254 1969 8.33 0.0387041 
557 1970 8.33 0.0207167 
557 1971 8.33 0.0507415 
1757 1972 8.33 0.0198983 
1757 1973 8.33 0.0575798 
1318 1974 249.9 0.361088 
1318 1975 8.33 0.0269824 
1461 1976 8.33 0.0397529 
1461 1977 8.33 0.0269273 
1880 1978 8.33 0.0174084 
1880 1979 8.33 0.0318717 
1439 1980 8.33 0.00714482 
1439 1981 8.33 0.0426148 
1592 1982 8.33 0.0183339 
1592 1983 8.33 0.0120922 
835 1984 8.33 0.00901089 
835 1985 8.33 0.0464771 
1267 1986 8.33 0.0274521 
1267 1987 8.33 0.0298454 
609 1988 24.99 0.0917008 
609 1989 8.33 0.0444029 
1910 1990 8.33 0.0126134 
1910 1991 8.33 0.0218391 
1228 1992 16.66 0.0460373 
1228 1993 8.33 0.00765972 
327 1994 24.99 0.0918384 
327 1995 8.33 0.0406869 
908 1996 1157.87 0.845474 
908 1997 8.33 0.0329777 
1383 1998 8.33 0.0406501 
1383 1999 8.33 0.0206197 
