1.37952
1.37952
0.894691
1.06557
1.31333
0.690594
0.815036
0.861432
1.25326
0.662539
0.202933
0.809795
0.257064
0.871332
0.681348
0.168787
0.758153
0.475492
0.503319
0.740812
0.525639
0.512838
0.440109
0.561922
0.63747
0.264321
0.442359
0.464638
0.402701
0.231168
0.644249
0.574485
0.543054
0.42259
0.476895
0.317577
0.469076
0.357552
0.266167
0.412655
0.879179
0.327858
0.248518
0.383795
0.245099
0.397403
0.297977
0.413489
0.699289
0.0890032
0.497022
0.0758107
0.826002
0.403126
0.692688
0.0688099
1.37525
0.289724
0.521069
0.328159
0.341928
0.451999
0.375495
0.296488
0.574096
0.331986
0.665335
0.28396
0.157373
0.203339
1.2448
0.255303
0.293243
0.323052
1.24837
0.284319
0.609994
0.311011
0.878728
0.0889825
0.702991
0.44292
0.532003
0.212383
0.64417
0.254406
0.839117
0.384609
0.662909
0.35519
0.563841
0.473808
0.460728
0.0929514
0.450492
0.319594
0.318773
0.31024
0.785069
0.337588
0.51551
0.332077
0.153127
0.315191
0.227525
0.560527
0.736365
0.179539
0.461691
0.14879
0.430561
0.181801
0.435435
0.291011
0.19432
0.191842
0.111208
0.286085
0.664807
0.254225
1.31258
0.157543
1.06058
0.251075
0.295615
0.287408
0.454794
0.231695
0.814021
0.126391
0.200616
0.342325
0.628343
0.187699
0.657544
0.211978
0.818582
0.220249
0.116289
0.279345
0.389148
0.162818
0.524655
0.27979
0.171284
0.469348
0.308939
0.419654
0.380541
0.310686
0.814856
0.357596
0.220683
0.300851
0.43096
0.226892
0.226662
0.270632
0.720853
0.251182
0.429225
0.150866
0.686785
0.189922
0.274411
0.347078
0.243866
0.127704
0.562456
0.109633
0.187383
0.248953
0.493065
0.290628
0.704258
0.292588
0.459626
0.111998
0.309271
0.25095
0.772035
0.244705
0.130115
0.335529
0.126777
0.290122
0.166567
0.291874
0.284622
0.376631
0.39289
0.149029
0.309057
0.405174
0.299925
0.209157
1.37412
0.18532
0.166963
0.247416
0.255049
0.119927
0.341764
0.281358
0.282442
0.328651
0.202965
0.348841
0.166577
0.345117
0.662533
0.154747
0.350325
0.102407
0.131024
0.19295
0.16256
0.299818
0.115927
0.177556
0.475049
0.240579
1.0588
0.171466
0.319126
0.161351
0.142689
0.15911
0.253714
0.259541
0.314823
0.214737
0.304489
0.0558349
0.198367
0.214672
0.086288
0.26122
0.264756
0.144911
0.306675
0.144968
0.16716
0.268162
0.497609
0.225636
0.239592
0.111389
0.30133
0.242739
0.250733
0.0957402
0.326909
0.163351
0.334478
0.137053
0.234315
0.263325
0.199403
0.256848
0.149866
0.301455
0.292347
0.18388
0.22273
0.213469
0.145236
0.222838
0.23754
0.0930298
0.187743
0.184175
0.273125
0.180888
0.683073
0.173525
0.686405
0.181272
0.398744
0.237478
0.300689
0.423388
0.344193
0.314416
0.552721
0.178737
0.2906
0.128715
0.190926
0.234645
0.16927
0.195077
0.425048
0.275924
0.241567
0.290957
0.168044
0.219692
0.474015
0.125007
0.341522
0.0844668
0.396808
0.186008
0.252583
0.0681385
0.142267
0.327044
0.110259
0.175013
0.677234
0.178582
0.208348
0.268325
0.89442
0.0867006
0.125714
0.265319
0.238597
0.306763
0.433179
0.157542
0.693604
0.239465
0.376852
0.351906
0.157139
0.208668
0.386741
0.127188
0.642495
0.100396
0.139722
0.202776
0.309001
0.0708894
0.334365
0.177712
0.415788
0.187232
1.05692
0.184883
0.190289
0.250847
0.410853
0.15322
0.0987208
0.232825
0.435349
0.124387
0.813608
0.102685
0.182551
0.280327
0.571716
0.112249
0.308345
0.155676
0.696063
0.167633
0.332682
0.249954
0.657209
0.0999674
0.372588
0.194682
0.243277
0.254679
0.824446
0.14466
0.264289
0.170476
0.186335
0.245532
0.208879
0.151104
0.869652
0.128181
0.294707
0.110652
0.378122
0.141454
0.720704
0.0614625
0.202418
0.177401
0.23107
0.286885
0.14485
0.0955016
0.18154
0.222578
0.139186
0.255612
0.806292
0.190025
0.0934668
0.166537
0.780414
0.204541
0.479067
0.21488
0.284711
0.10388
0.336428
0.0749835
0.206888
0.250875
0.0977216
0.249506
0.770651
0.0887237
0.257268
0.136838
0.294431
0.132852
0.0951214
0.158049
0.182226
0.232124
0.274625
0.242543
0.176149
0.298375
0.291759
0.179016
0.641571
0.108392
0.270533
0.148233
0.353218
0.215401
0.213957
0.136777
0.128947
0.136205
0.865452
0.19783
0.429095
0.152602
0.83776
0.142001
0.0998599
0.220924
0.166762
0.0739022
0.133149
0.13156
0.635051
0.208875
0.512995
0.176276
0.269927
0.212201
0.367663
0.145366
0.196261
0.186977
0.816439
0.151208
0.260603
0.162822
0.31834
0.19638
0.633877
0.112337
0.204682
0.0943828
0.426324
0.136713
0.860759
0.0771328
0.360796
0.249406
0.257177
0.13945
0.1623
0.292563
0.369059
0.264445
0.138419
0.240699
0.181809
0.239032
0.374012
0.103441
0.35696
0.184095
0.640731
0.101186
0.619227
0.110169
0.483753
0.25871
0.446684
0.11138
0.291906
0.135497
0.170959
0.156849
0.262511
0.178115
0.280242
0.142438
0.466786
0.114593
0.243208
0.275687
0.215959
0.183092
0.304966
0.157376
1.06525
0.102846
0.289248
0.192317
0.106987
0.161866
0.287018
0.124641
0.315705
0.174943
0.653885
0.152181
0.857373
0.187976
0.335783
0.208827
0.0850189
0.199522
0.119424
0.233204
0.152302
0.296434
0.658562
0.178565
0.192783
0.186827
0.272898
0.113823
0.278411
0.140392
0.131673
0.117316
0.211291
0.086136
0.172946
0.0408034
0.733953
0.157564
0.132036
0.123915
0.289541
0.0649703
0.682148
0.108938
0.23441
0.204115
0.236885
0.119094
0.253216
0.223464
0.239934
0.169435
0.287582
0.0781157
0.178748
0.249952
0.297359
0.126407
0.195202
0.163419
0.643161
0.107839
0.199077
0.180931
0.450979
0.132897
0.405136
0.207779
0.695292
0.103827
0.109428
0.191754
0.325149
0.0953263
0.757296
0.113851
0.654299
0.220417
1.0603
0.0986688
0.255181
0.106495
0.229029
0.119775
0.279848
0.135784
0.202353
0.188791
0.120278
0.233657
0.25387
0.103883
0.170395
0.191163
0.167097
0.194412
0.142288
0.223019
0.249909
0.0969308
0.20787
0.187823
1.31217
0.127968
0.270893
0.119381
0.122892
0.182614
0.17072
0.153253
0.474266
0.0939375
0.498754
0.0959894
0.247363
0.122796
0.285169
0.118747
0.107745
0.237534
0.360284
0.151843
0.699769
0.187922
0.356701
0.162789
0.103179
0.266923
0.814685
0.0698586
0.608944
0.105378
0.658561
0.163732
0.330037
0.194699
0.396326
0.104656
0.167286
0.0788515
0.367354
0.190913
0.164394
0.223001
0.363903
0.168138
0.299084
0.11388
0.115063
0.110723
0.474155
0.151875
0.217198
0.172798
0.131285
0.134232
0.292212
0.0905494
0.823863
0.105929
0.217643
0.270171
0.438708
0.0932807
0.270002
0.109798
0.170903
0.253137
0.16683
0.187625
0.198104
0.253806
0.264462
0.109012
0.805643
0.108166
0.157792
0.184968
0.17913
0.0694902
0.218325
0.109681
0.18119
0.151028
0.151452
0.145647
1.24429
0.133238
0.188529
0.111818
0.245629
0.154345
0.321334
0.1486
0.316366
0.203695
0.400582
0.130399
0.20756
0.164494
0.868884
0.120297
0.175865
0.242408
0.656621
0.0913166
0.313484
0.142736
0.221887
0.174475
0.151334
0.143578
0.463609
0.087281
0.123711
0.136611
0.223519
0.271057
0.401688
0.119391
0.0923661
0.139005
0.295082
0.146957
0.317114
0.135469
0.112867
0.213482
0.260645
0.082028
0.106561
0.235339
0.236659
0.134232
0.292219
0.101574
0.339975
0.0854294
0.252121
0.21231
0.250258
0.153409
0.227188
0.130023
0.176677
0.0565005
0.177738
0.255393
0.246701
0.190394
0.0937658
0.179853
0.21561
0.204543
0.620387
0.210324
0.401906
0.0727932
0.524246
0.104807
0.201927
0.0632323
0.311818
0.173025
0.235626
0.223764
0.417837
0.143363
0.24084
0.105547
0.346672
0.220051
0.268688
0.198225
0.214353
0.124918
0.139986
0.216373
0.278501
0.126892
0.120909
0.162864
0.176827
0.109741
0.220906
0.171046
0.1514
0.12692
0.232472
0.151573
0.500789
0.124141
0.270498
0.14588
0.232692
0.0958295
0.18175
0.188279
0.111195
0.148741
0.133569
0.17659
0.312687
0.159866
0.825928
0.0533243
0.111256
0.195736
0.277318
0.134937
0.345619
0.131895
0.513748
0.11187
0.304065
0.112067
0.158223
0.150026
0.122982
0.155428
0.252987
0.182852
0.241771
0.189647
0.350771
0.118215
0.142096
0.280061
0.476832
0.115282
0.087105
0.129455
0.303185
0.155985
0.202814
0.166029
0.112711
0.209935
0.240305
0.129051
0.230183
0.203474
0.120576
0.201234
0.166877
0.24386
0.458758
0.106366
0.811331
0.165201
0.33833
0.127
0.230866
0.110724
0.86523
0.0793232
0.635834
0.125785
0.217937
0.153523
0.218044
0.131123
0.137511
0.155034
0.239199
0.163916
0.815974
0.0975401
0.281495
0.266744
0.870904
0.0991745
0.350144
0.140661
0.0735617
0.11747
0.185087
0.117017
0.0908979
0.131544
0.131765
0.140257
0.0913511
0.128078
0.138571
0.138981
0.168618
0.161188
0.182011
0.216601
0.770262
0.0885085
0.255081
0.160242
0.572754
0.119547
0.685278
0.0950267
0.268212
0.100963
0.730879
0.170377
0.270176
0.0867519
0.159601
0.176777
0.201268
0.182821
0.398426
0.118693
0.246521
0.104236
0.217274
0.165859
0.278201
0.115663
0.396795
0.121779
0.519841
0.0999341
0.240861
0.116738
0.141002
0.139686
0.248889
0.0742835
0.246204
0.08387
0.321043
0.239148
0.372262
0.184265
0.0945625
0.107721
0.129761
0.188109
0.236205
0.183118
0.180315
0.165143
0.158385
0.20184
0.190147
0.0779168
0.165053
0.162122
0.326805
0.119025
0.313857
0.113852
0.205952
0.157199
0.441664
0.130768
0.1737
0.103964
0.103384
0.107882
0.200504
0.173182
0.154571
0.192083
0.210996
0.100442
0.130363
0.140629
0.15593
0.149979
0.204434
0.119544
0.119304
0.12024
0.24426
0.101416
0.276819
0.15521
0.147554
0.137061
0.296254
0.158583
0.137014
0.163711
0.121328
0.136266
0.228516
0.164223
0.308015
0.116578
0.193193
0.268482
0.192404
0.0852563
0.20505
0.0789204
0.260111
0.177496
0.218513
0.0704185
0.16838
0.156697
0.174967
0.120881
0.168158
0.177542
0.407388
0.145547
0.167841
0.147368
0.263598
0.099287
0.1051
0.123601
0.387154
0.167884
0.245436
0.102055
0.193835
0.171621
0.213383
0.0652819
0.253747
0.150107
0.23067
0.104144
0.120932
0.207545
0.192701
0.111557
0.159642
0.208852
0.128565
0.0979073
0.159412
0.125118
0.224059
0.151478
0.102582
0.142302
0.246989
0.0712949
0.198045
0.148262
0.332322
0.0879814
0.54994
0.112989
0.217352
0.132596
0.244754
0.10326
0.219413
0.0807581
0.431582
0.0964035
0.122663
0.149739
0.12673
0.216221
0.108691
0.100589
0.740695
0.0578469
0.22062
0.12094
0.147671
0.165676
0.216751
0.0748921
0.242204
0.106539
0.652948
0.106254
0.110431
0.20303
0.169871
0.16768
0.238577
0.089759
0.401204
0.097701
0.219567
0.1653
0.391273
0.0906915
0.129174
0.18739
0.12348
0.156936
0.141351
0.103966
0.163849
0.144623
0.263323
0.189292
0.109632
0.167903
0.233176
0.171327
1.2442
0.0739535
0.336132
0.0791337
0.101939
0.120848
0.132649
0.128932
0.494785
0.11818
0.285907
0.0982524
0.165313
0.0890964
0.0894004
0.122144
0.292007
0.0977568
0.184824
0.228593
0.280268
0.16796
0.120754
0.145641
0.125928
0.136096
0.879032
0.0698374
0.14631
0.116436
0.558883
0.11561
0.298785
0.0822901
0.16834
0.176933
0.470754
0.126903
0.337665
0.149036
0.185789
0.155641
0.116021
0.135032
0.326038
0.150666
0.1851
0.165241
0.0988926
0.127487
0.856843
0.105321
0.100138
0.136612
0.289835
0.0578186
0.167805
0.0859688
0.13329
0.17065
0.246205
0.0952981
0.212653
0.175989
0.11955
0.0821384
0.167509
0.182096
0.818164
0.0943334
0.17577
0.0961632
0.805349
0.0830364
0.242127
0.13542
0.459711
0.108026
0.151737
0.163946
0.25571
0.084123
0.509577
0.138902
0.198294
0.168022
0.512616
0.0963336
0.771043
0.121011
0.274912
0.12061
0.14479
0.109171
0.108659
0.167814
0.739906
0.109049
0.102502
0.125113
0.129684
0.136515
0.219057
0.154433
0.40999
0.110601
0.18231
0.132186
0.158512
0.12697
0.0911519
0.148958
0.185486
0.173948
0.23233
0.161083
0.0979254
0.205203
0.194045
0.136484
0.124777
0.163855
0.277565
0.142425
0.105413
0.146516
0.15329
0.167986
0.145688
0.236675
0.105774
0.152833
0.145856
0.21189
0.0987643
0.131021
0.120232
0.240312
0.573155
0.0975756
0.277166
0.161753
0.429199
0.109814
0.208718
0.0928496
0.17543
0.0903977
0.146277
0.123752
0.26189
0.0809699
0.428212
0.0823308
0.208704
0.193522
0.559387
0.133708
0.185315
0.201729
0.305114
0.118858
0.370386
0.091897
0.330589
0.0788348
0.206797
0.0674066
0.150337
0.147662
0.331596
0.0986152
0.157057
0.241518
0.126015
0.163609
0.234366
0.117679
0.229855
0.138222
0.122831
0.271953
0.676975
0.0708893
0.122318
0.133337
0.445452
0.158141
0.200822
0.0636673
0.0992496
0.111539
0.219403
0.139175
0.139075
0.127731
0.102599
0.141449
0.398239
0.164528
0.143469
0.1268
0.164819
0.181268
0.196221
0.0878656
0.145586
0.181923
0.521778
0.126523
0.181389
0.132336
0.1288
0.174365
0.130411
0.151732
0.479293
0.145854
0.118195
0.19303
0.200086
0.136666
0.16874
0.179225
0.185198
0.0638915
0.226532
0.138266
0.269574
0.124752
0.471794
0.118402
0.0945272
0.160178
0.137283
0.200566
0.111369
0.125669
0.17457
0.184739
0.206124
0.175166
0.148544
0.153441
0.424477
0.137167
0.617641
0.122087
0.288947
0.124689
0.232821
0.132072
0.148744
0.110886
0.389523
0.159485
0.107048
0.114496
0.244814
0.125683
0.198328
0.18025
0.178861
0.11163
0.245328
0.101266
0.175824
0.101131
0.415744
0.12697
0.190832
0.234359
0.111032
0.183019
0.173281
0.141069
0.195081
0.0970347
0.137203
0.17345
0.158464
0.0998854
0.201779
0.1656
0.131846
0.150811
0.126095
0.150211
0.204981
0.182316
0.142423
0.151293
0.149864
0.100778
0.181343
0.106852
0.161401
0.0989331
0.463044
0.178994
0.180654
0.0711851
0.103904
0.201083
0.374293
0.138725
0.396197
0.137895
0.314969
0.111789
0.0970292
0.152368
0.860966
0.101238
0.441105
0.0901974
0.237989
0.109772
0.294649
0.111845
0.123403
0.173039
0.323372
0.103906
0.165751
0.186584
0.0947937
0.155631
0.290849
0.169849
0.100578
0.154838
0.510316
0.125584
0.0907571
0.0937901
0.0950336
0.117634
0.814153
0.101954
0.125047
0.112149
0.166594
0.143193
0.643312
0.105236
0.255021
0.131444
0.468879
0.10747
0.109043
0.174787
0.16477
0.182834
0.135207
0.131495
0.157218
0.144046
0.217844
0.139183
0.289491
0.09233
0.685886
0.0901505
0.143727
0.172035
0.837194
0.105961
0.175377
0.126618
0.234929
0.0688643
0.145069
0.132876
0.870579
0.0903984
0.442069
0.0793529
0.341979
0.146815
0.146987
0.110051
0.175971
0.169721
0.19735
0.130755
0.13781
0.181666
0.149537
0.163146
0.117102
0.156505
0.243105
0.132638
0.180175
0.071677
0.139262
0.146562
0.158087
0.172055
0.47264
0.100609
0.17594
0.16706
0.252225
0.134152
0.243831
0.13628
0.105667
0.0893571
0.657979
0.0911409
0.142986
0.162452
0.089377
0.167699
0.219399
0.123355
0.242947
0.166789
0.178721
0.107717
0.191327
0.111967
0.089636
0.178794
0.143518
0.159367
0.109044
0.129541
0.110748
0.122034
0.193587
0.127013
0.314555
0.127154
0.234621
0.100987
0.283276
0.0631582
0.167858
0.107817
0.0985311
0.135307
0.426641
0.0951391
0.139652
0.15452
0.167208
0.213008
0.640434
0.071488
0.267536
0.142276
0.264283
0.113344
0.119899
0.142989
0.0821128
0.112833
0.18453
0.203937
0.156254
0.275085
0.199547
0.12273
0.172986
0.155964
0.113536
0.180851
0.136525
0.134706
0.165536
0.119007
0.249675
0.101724
0.107024
0.210188
0.195124
0.0896261
0.168612
0.18788
0.19219
0.088363
0.113133
0.126185
0.196109
0.176942
0.185911
0.136015
0.255496
0.132749
0.213885
0.123767
0.242088
0.126674
0.25308
0.0725142
0.351233
0.129152
0.143241
0.164974
0.119276
0.13507
0.166119
0.104787
0.166458
0.177941
0.128304
0.176102
0.0783366
0.117575
0.177469
0.156816
0.561272
0.103863
0.174618
0.0727945
0.179325
0.16862
0.217481
0.159807
0.152612
0.0709649
0.18019
0.198546
0.170187
0.199883
0.141289
0.146482
0.144227
0.139393
0.137979
0.132362
0.143762
0.120615
0.164209
0.057595
0.118465
0.199103
0.248826
0.129912
0.146454
0.134927
0.304786
0.0809098
0.399911
0.0853753
0.159801
0.175793
0.129373
0.133338
0.128035
0.135454
0.181874
0.101144
0.211387
0.164265
0.203973
0.101278
0.145451
0.175164
0.461986
0.0879138
0.17153
0.108963
0.115631
0.132651
0.173507
0.0730017
0.172933
0.0922424
0.10919
0.160628
0.0817766
0.109272
0.117649
0.140447
0.241752
0.0810759
0.191359
0.193263
0.176893
0.0925675
0.141671
0.195246
0.137097
0.138323
0.310826
0.158547
0.158099
0.180008
0.187604
0.105431
0.780144
0.078937
0.114677
0.141144
0.551525
0.103026
0.137871
0.149297
0.123049
0.122595
0.217241
0.0791113
0.190683
0.104493
0.657134
0.0809611
0.164223
0.151305
0.223151
0.156213
0.155358
0.0988678
0.173173
0.0793885
0.278864
0.1015
0.127902
0.157724
0.229898
0.168613
0.691593
0.116317
0.141212
0.135874
0.162239
0.0776356
0.152387
0.144876
0.227652
0.11706
0.28959
0.182039
0.0903313
0.123634
0.530055
0.118121
0.283039
0.124491
0.313328
0.120268
0.151194
0.131216
0.461832
0.192008
0.123517
0.123098
0.119206
0.151577
0.440017
0.106196
0.11402
0.127487
0.122302
0.149836
0.271966
0.12134
0.174664
0.0787932
0.234508
0.117089
0.114821
0.118027
0.460656
0.123675
0.150906
0.0536025
0.175723
0.138244
0.182591
0.113642
0.136475
0.152519
0.29158
0.075276
0.132324
0.191009
0.208225
0.103285
0.188229
0.0805934
0.200129
0.169631
0.133359
0.178042
0.138495
0.158905
0.146712
0.129477
0.207051
0.111649
0.195486
0.113693
0.172797
0.191213
0.175767
0.112703
0.183921
0.124054
0.860374
0.0949237
0.134309
0.153781
0.118622
0.137528
0.499937
0.0861772
0.253212
0.166082
0.211164
0.12748
0.147062
0.172279
0.44898
0.0971701
0.174847
0.134999
0.159055
0.064785
0.409681
0.0839479
0.209706
0.0703219
0.247178
0.161994
0.661918
0.0934738
0.288268
0.101037
0.274184
0.144213
0.163223
0.169545
0.159563
0.108967
0.375087
0.090796
0.199444
0.202482
0.178169
0.0640627
0.557867
0.112482
0.152844
0.178477
0.144094
0.182932
0.177187
0.10302
0.239061
0.0450091
0.232797
0.154883
0.642601
0.0885679
0.692914
0.0998367
0.113221
0.161334
0.22523
0.191597
0.14323
0.139548
0.142702
0.137003
0.219345
0.12865
0.191719
0.116814
0.15018
0.192794
0.277078
0.0745333
0.163072
0.103037
0.149102
0.160773
0.130108
0.130556
0.894121
0.0894917
0.136384
0.0995829
0.144193
0.168675
0.457942
0.0801136
0.134903
0.150482
0.199165
0.147545
0.221408
0.139688
0.190135
0.239505
0.324009
0.155479
0.200148
0.146453
0.242303
0.180568
0.274219
0.175749
0.14501
0.116298
0.170872
0.131344
0.227678
0.102541
0.209961
0.170219
0.652272
0.0952408
0.0849957
0.110283
0.160844
0.120153
0.212456
0.110102
0.160897
0.16942
0.135973
0.159906
0.343236
0.135557
0.140487
0.0785362
0.0976229
0.128387
0.186599
0.196529
0.116654
0.109182
0.428076
0.111171
0.0960078
0.105883
0.129575
0.155784
0.157039
0.163148
0.242518
0.191552
0.133637
0.0973731
0.439848
0.101902
0.188038
0.145506
0.138814
0.075357
0.507257
0.133422
0.264863
0.185396
0.185476
0.139451
0.142194
0.177887
0.130045
0.169613
0.519853
0.116136
0.145135
0.131668
0.139894
0.162727
0.100573
0.157172
0.160039
0.144224
0.115537
0.174116
0.105004
0.107221
0.206777
0.131063
0.147286
0.168952
0.18495
0.0993284
0.194322
0.120462
0.684783
0.0886298
0.156444
0.132028
