0.0 79.7885 
1.63609 75.0899 
-2.28909 29.2696 
-6.11953 28.109 
1.8097 60.9457 
10.4217 65.6332 
-13.4382 6.08057 
-17.3918 9.73058 
-2.08654 50.2766 
-3.72292 55.5977 
-13.3622 0.859066 
-11.9608 -4.32216 
4.14636 15.1852 
7.71674 15.58 
21.2344 65.3579 
18.5874 63.9676 
-47.9911 -11.1052 
-50.887 -5.76928 
36.8281 -7.42087 
37.2098 -11.3457 
-57.7365 -46.2894 
-51.7229 -47.2133 
44.9211 59.5505 
46.4838 54.8339 
-27.0656 57.3528 
-25.695 53.8263 
-50.4175 60.3757 
-53.651 54.4926 
56.995 67.3584 
54.9785 73.2508 
-4.45254 -32.978 
-7.71053 -33.5135 
9.21572 -51.9174 
13.7424 -46.7735 
-63.5724 -52.258 
-65.7137 -47.6895 
11.1971 -59.9864 
7.89361 -60.9178 
53.8703 -12.2919 
55.1307 -9.66878 
1.54168 24.3012 
6.28408 25.9264 
-59.8268 70.7747 
-61.7626 67.7892 
-72.4221 -62.8838 
-70.5573 -64.7715 
15.6255 -67.4277 
20.2248 -68.1469 
54.689 -34.3574 
53.2383 -32.5724 
58.848 43.9026 
58.7116 45.1034 
-30.9746 3.15159 
-32.254 7.08206 
-50.1314 -24.2932 
-50.2992 -22.5749 
2.97422 71.7105 
-0.66592 75.4914 
64.5208 -50.0033 
68.9368 -48.8237 
68.883 -59.1392 
65.9696 -59.1015 
69.2656 27.8506 
65.7716 28.746 
-39.2876 57.6312 
-39.172 55.8836 
-52.0481 -38.713 
-46.4736 -36.4331 
1.00581 2.83687 
3.78093 -0.0860117 
-3.53453 38.411 
-5.29069 42.6746 
64.2102 67.841 
67.1667 65.2746 
-3.08475 43.7796 
0.276018 49.0251 
-33.3114 57.602 
-31.554 60.7666 
4.65669 18.6088 
5.43888 20.4593 
-49.2377 -17.5972 
-51.8287 -14.9538 
9.41951 -54.5129 
7.23491 -52.5662 
34.5141 61.1851 
34.4612 59.0426 
21.4314 2.51481 
18.5019 -1.19222 
59.4145 -39.6068 
61.456 -35.2941 
61.4599 -44.5748 
56.7912 -46.5082 
-58.484 0.0901344 
-56.8784 0.673082 
46.1055 -8.4877 
46.2419 -5.98824 
-66.7895 5.85141 
-65.6811 8.93397 
-10.2968 -16.0166 
-14.6634 -14.3279 
51.4448 49.5397 
47.8901 46.6753 
-43.8831 55.101 
-44.0231 50.6781 
-11.7635 -37.4472 
-10.2615 -38.4709 
41.8322 -19.0651 
37.5256 -16.8141 
13.9632 -63.002 
19.2037 -64.692 
-54.0503 63.1671 
-57.0192 61.4094 
65.2478 34.582 
70.5688 40.6159 
-74.6044 5.94377 
-73.732 4.31939 
68.7733 70.0216 
68.8243 72.0456 
27.8885 63.0757 
28.1425 67.4453 
0.241925 58.3871 
0.494387 61.2142 
-9.91528 21.0322 
-11.5835 24.6255 
-66.6828 70.699 
-72.3698 67.5438 
-66.5461 -56.6629 
-61.7849 -60.2144 
-12.4799 1.57524 
-12.3831 5.41245 
73.3776 24.5967 
71.6436 19.6719 
3.90086 -40.165 
4.60736 -38.4894 
30.0192 62.4193 
27.4776 61.3715 
-40.0957 -3.40701 
-38.6952 -5.61334 
-5.7315 78.4564 
-7.68689 74.6721 
62.9776 67.0083 
61.2665 64.6202 
-16.3111 -50.9636 
-17.0791 -46.4464 
-17.6806 -58.777 
-20.5754 -60.8121 
-22.4369 -61.8477 
-19.77 -64.0711 
64.8801 -69.6221 
61.6659 -69.5944 
27.7157 -1.83079 
30.9919 4.22781 
-20.37 -16.5375 
-19.8739 -19.6674 
-68.9573 -59.5299 
-72.2003 -58.6789 
69.2004 -77.6204 
72.4824 -76.7999 
45.8058 -24.9667 
40.7206 -27.6788 
51.3917 65.1329 
49.1037 66.9573 
-50.4398 -29.941 
-54.977 -28.1386 
23.1574 -47.6535 
21.2413 -51.6534 
58.027 -14.6216 
57.0959 -17.7418 
62.6976 -45.9951 
59.3435 -45.8834 
-71.228 77.4823 
-72.0952 74.8667 
-17.6745 -53.0486 
-12.8185 -54.0527 
49.3244 -28.9805 
46.4274 -30.2291 
-47.4758 -64.5434 
-47.5001 -61.5 
-42.9019 -70.5783 
-44.1336 -73.7829 
-8.49759 -22.6387 
-3.46117 -21.4707 
69.4369 -61.9766 
70.0391 -60.1608 
17.3697 -69.3856 
13.8627 -71.1783 
-22.8982 -62.8221 
-27.1442 -62.098 
-65.7952 -18.9744 
-65.6442 -21.9411 
-37.519 11.5071 
-40.8804 8.22262 
-62.8781 49.9305 
-62.7945 45.887 
46.2292 39.0031 
44.2174 40.1611 
5.06459 66.0612 
3.85978 72.8739 
-70.6766 -19.7261 
-73.0759 -16.696 
-15.602 73.8897 
-16.5599 67.4623 
-67.8129 40.6241 
-65.7873 36.2856 
-73.5942 -69.9406 
-70.39 -74.2526 
-40.3802 19.1327 
-43.6754 19.4992 
31.946 4.40114 
34.9986 10.3089 
-52.7775 -40.6995 
-50.9122 -40.566 
19.5463 -13.2492 
22.27 -10.8149 
-25.9156 77.1898 
-23.5741 77.7579 
49.958 -2.98442 
55.089 0.807486 
-26.7022 -16.4584 
-27.1227 -17.4401 
63.5855 39.0103 
59.932 40.4612 
-12.6877 15.0846 
-13.7459 17.0775 
17.9772 -19.2807 
16.1673 -18.2662 
77.2727 22.9569 
79.1276 25.24 
-74.7252 36.397 
-73.892 34.3938 
38.4082 10.3541 
34.9534 14.097 
-35.356 65.8749 
-33.5123 63.9872 
-40.7884 73.8714 
-41.6727 72.5524 
-26.2135 51.6043 
-27.0208 48.7746 
47.734 29.2142 
44.1857 26.9454 
15.6706 25.7327 
16.0582 23.1878 
42.8158 13.5891 
44.5624 11.925 
57.7864 45.288 
56.9591 50.4692 
3.57606 10.7342 
5.79438 6.91481 
-74.1569 -28.939 
-73.6957 -24.8567 
-7.66772 42.1853 
-4.34354 46.9739 
-71.2875 38.4464 
-77.7637 43.4099 
66.9381 -32.626 
66.5406 -28.1614 
74.5266 -32.0051 
73.6218 -28.7226 
-78.2265 -32.8387 
-76.0738 -35.54 
17.4086 -22.7324 
22.2937 -26.0396 
39.8027 11.1019 
40.68 8.66161 
-77.001 -72.3973 
-79.6994 -77.2033 
-13.3707 36.4366 
-14.5421 41.1566 
-21.535 28.9706 
-17.6111 30.4855 
76.3198 -31.8073 
77.6375 -37.0515 
21.7725 27.6906 
22.7324 30.4624 
-50.5257 -31.5237 
-48.8992 -30.4062 
12.1118 65.6528 
9.36712 63.6427 
-62.1979 3.78497 
-57.4557 7.12452 
51.7827 -51.8794 
52.9604 -54.6331 
-21.5032 -71.4082 
-17.2012 -70.4371 
-12.6871 -42.2586 
-9.17803 -44.4445 
-23.0571 -25.3659 
-18.7726 -28.4554 
-29.373 -30.7668 
-27.8536 -33.557 
-27.9681 30.1466 
-27.0256 27.738 
-60.0059 2.67118 
-62.0248 -3.10864 
-22.3525 -76.2126 
-26.3405 -75.8212 
-62.0893 72.3995 
-58.773 73.6557 
-65.1117 -55.7849 
-61.1677 -54.6788 
4.31676 -68.2609 
6.88302 -64.909 
63.0977 -10.0504 
59.6486 -7.84331 
29.3316 69.1653 
27.6002 66.7075 
71.8339 -10.2632 
70.8166 -8.86165 
-15.1057 -6.26356 
-17.7989 -4.12728 
22.8842 64.9549 
21.9762 71.2605 
-0.304295 -72.2179 
0.570997 -74.8651 
-0.991956 27.8089 
-1.3261 32.175 
25.8545 -46.5391 
26.1227 -45.5207 
-43.8253 21.5269 
-46.5944 19.8098 
-59.0013 -18.351 
-57.3517 -14.2035 
-49.5029 -19.6542 
-44.2652 -19.0871 
-46.9148 -65.7251 
-51.2862 -68.0371 
36.0019 75.8408 
36.049 73.1375 
-39.2603 14.5906 
-33.3797 18.758 
-0.341267 -35.9427 
0.0670577 -32.8362 
-15.7336 43.3547 
-18.956 40.6466 
-66.3914 12.1948 
-65.615 9.2656 
18.4509 -15.5188 
22.1872 -15.5023 
-58.2238 67.3562 
-54.0412 67.2754 
-14.6034 10.9433 
-11.2724 13.534 
-68.6299 16.2626 
-66.8295 17.8522 
50.6502 -60.0546 
54.7919 -62.6485 
-44.614 22.8693 
-44.7307 25.8171 
49.1158 63.6413 
55.403 59.3775 
32.1419 -5.39009 
34.2045 -5.23362 
-67.5817 48.0671 
-67.2986 50.7742 
-47.0419 58.2317 
-46.4065 61.9973 
45.2628 -66.6754 
44.0455 -67.0328 
56.6527 -35.9294 
52.1717 -37.2101 
67.1891 -72.7906 
65.3474 -74.1429 
-15.1147 56.0334 
-14.7089 50.8069 
28.4632 -73.845 
27.3166 -71.0162 
-71.6844 5.34079 
-72.7286 10.4719 
-35.536 -0.192797 
-33.1278 -1.03624 
70.07 72.7713 
68.3261 72.8188 
5.01183 45.078 
7.65361 45.8501 
76.4199 76.3027 
77.7016 75.1743 
12.8164 10.3033 
12.8752 12.5126 
57.7868 2.78681 
54.9147 2.77343 
18.7227 -4.878 
16.4784 -1.79366 
47.3697 -27.1586 
46.1807 -24.9307 
63.3982 3.48402 
66.9448 6.86766 
33.2549 -77.6158 
35.037 -76.5461 
-2.61392 59.9683 
0.519905 65.8055 
25.3279 28.2195 
29.4809 26.3828 
49.0017 -56.484 
46.9717 -54.7151 
-11.8612 -7.8554 
-10.79 -3.8922 
7.53923 42.0567 
7.83615 40.2988 
-9.57859 -18.4588 
-7.98905 -15.641 
-18.2169 -54.337 
-23.702 -54.4435 
-48.8589 44.7072 
-50.1126 48.0035 
25.7256 -54.7625 
25.2017 -54.3504 
73.9734 38.6078 
74.3912 44.4621 
38.1752 58.5954 
34.4386 52.7285 
-7.1771 -28.3301 
-9.71679 -24.2528 
-50.8362 40.1829 
-54.5826 38.9008 
75.9309 11.2474 
74.111 12.1876 
14.8036 63.0054 
18.6293 60.7529 
47.8586 27.8353 
50.0686 26.9507 
72.5428 -9.49589 
72.8181 -4.59224 
-66.6621 -46.1083 
-71.4813 -48.1963 
30.8867 -58.1511 
32.9385 -63.2722 
40.4058 59.4403 
42.632 64.1296 
-69.1325 -18.6323 
-66.3339 -17.7309 
19.9917 -8.90585 
16.1503 -7.86435 
56.0433 75.1557 
50.9145 78.2883 
45.523 14.3012 
42.4782 17.0573 
16.1522 6.78584 
18.4819 10.4003 
66.5619 30.9576 
66.1422 34.0928 
23.3081 1.28367 
22.7467 4.75919 
-13.0629 -39.1791 
-14.9798 -37.1349 
-17.7443 18.0755 
-13.1673 16.0452 
-19.534 17.3689 
-23.7056 21.9248 
0.822648 -37.0903 
4.65114 -33.4694 
65.8476 -54.3724 
63.9548 -54.4836 
74.9058 61.1698 
74.3898 66.2897 
-45.7116 -67.4969 
-47.0782 -70.6015 
-23.2505 -77.6627 
-18.8562 -79.4919 
-44.498 -6.49486 
-44.438 -1.6492 
-39.9601 71.9081 
-36.4722 71.5702 
2.93356 -69.1073 
4.79777 -70.6343 
2.4134 -38.4785 
-0.272476 -41.2002 
65.2547 51.0283 
60.8639 52.8637 
-70.3057 -61.2668 
-66.607 -62.1626 
-22.5619 7.53601 
-20.2325 9.79824 
64.762 -9.70316 
64.7929 -12.0629 
24.6625 27.9398 
26.0224 21.4681 
42.249 -67.7857 
44.5434 -70.792 
47.834 -62.7475 
50.0753 -64.9428 
75.6023 -11.7454 
75.2932 -12.0045 
77.5958 60.3323 
75.8879 57.9209 
-68.2645 -23.8544 
-63.6724 -22.2372 
29.2793 -74.1448 
26.6694 -79.6762 
41.7417 59.0742 
41.6914 55.1079 
7.85163 -43.945 
7.25586 -45.7988 
-49.7445 -53.073 
-45.2189 -54.8616 
52.4464 -10.5118 
50.2584 -12.6201 
-76.1415 -31.7071 
-73.5189 -31.8056 
75.1722 38.9621 
77.7058 34.8016 
-73.8604 65.2367 
-73.7884 68.0672 
-70.5728 74.297 
-67.3316 77.401 
12.9933 -61.7849 
13.5639 -58.8945 
70.8018 -50.9546 
72.9023 -46.7971 
-19.3226 75.2792 
-20.6081 71.8879 
1.74128 -70.9159 
-1.62171 -67.0128 
-8.81785 23.327 
-9.8807 32.8462 
-47.6001 47.8609 
-41.6528 45.1864 
-67.2071 -45.0738 
-69.9349 -40.9291 
45.9699 34.7659 
49.099 33.2063 
68.3938 -74.4907 
71.6567 -71.1799 
-20.5092 56.4454 
-18.5519 57.834 
-26.5171 5.78977 
-25.8847 7.77673 
67.0438 -9.98589 
67.0703 -4.68453 
-6.50889 -15.1039 
-4.23384 -13.7328 
71.8875 -52.3077 
73.0658 -52.1883 
-42.5429 -73.673 
-41.3008 -71.3182 
60.1107 -42.4818 
60.9266 -40.1628 
-77.5983 63.496 
-79.2879 57.6822 
-10.4446 74.4762 
-7.76271 66.8947 
-25.694 -28.432 
-29.9131 -25.1145 
0.0 0.0 
0.101715 1.16952 
-21.1286 76.0388 
-19.4286 76.4103 
7.24451 74.2648 
5.55161 73.8311 
42.8534 -20.601 
41.0845 -20.5698 
10.2877 77.9793 
16.1743 77.1615 
-11.5899 -55.4637 
-12.6309 -54.213 
-50.5495 -33.2082 
-53.2257 -33.6605 
-9.61933 -58.4663 
-10.666 -61.2422 
32.8257 71.844 
32.0023 77.3014 
21.5279 -29.695 
24.7347 -25.5513 
29.3074 -46.692 
27.6487 -38.4849 
43.0435 -36.6102 
43.9501 -34.9826 
43.2235 -40.9 
41.5863 -41.6779 
20.879 27.988 
19.2104 33.1222 
-7.09164 -59.8009 
-3.76517 -59.0522 
35.9472 60.8143 
35.6795 67.3994 
30.4997 -46.1607 
34.276 -50.1781 
-68.2456 -58.1075 
-69.5236 -54.5713 
15.9619 -47.8661 
16.9989 -43.2019 
58.733 -37.4979 
57.0833 -38.3214 
-41.9579 21.1179 
-39.8191 21.9443 
10.3021 25.4297 
6.97 29.4588 
-49.0737 -14.0922 
-47.3462 -16.4952 
-53.5702 -43.5458 
-57.0782 -40.4403 
-11.5531 17.749 
-5.15758 19.9549 
-27.8828 47.6335 
-24.266 45.881 
-41.8518 -22.3423 
-40.5693 -17.1545 
14.0247 -73.3411 
11.4068 -71.2244 
13.988 -76.7543 
10.121 -79.4865 
-51.6765 36.653 
-52.3383 35.2355 
-74.6292 32.3916 
-73.0984 34.4418 
-78.3927 28.4574 
-78.5722 26.5662 
-40.6698 -22.729 
-40.9558 -23.9837 
-32.3791 43.9269 
-32.0342 42.1155 
-75.7245 13.6854 
-72.7127 11.1721 
-77.6795 13.6762 
-77.437 19.0891 
-1.53012 55.5285 
1.29924 55.8063 
-26.8273 -29.8011 
-25.6587 -30.8383 
58.776 78.4887 
59.4254 77.5002 
66.8735 52.1722 
69.142 48.0933 
-53.3706 -4.08724 
-50.9127 -8.10641 
44.2166 -7.70192 
42.3469 -8.105 
4.0638 11.8883 
3.49696 15.3216 
-28.7655 -63.017 
-27.9641 -60.7576 
-0.241059 -22.0822 
-1.72681 -22.4707 
46.8543 -63.3725 
44.9794 -60.5444 
52.0164 -31.7931 
52.1862 -26.6839 
-45.112 -68.5464 
-40.1965 -66.3262 
-21.0311 -46.4927 
-21.2402 -46.1879 
29.0575 -2.85756 
26.8433 -2.01904 
-37.3689 57.3586 
-34.0892 52.4505 
-9.06614 55.7276 
-9.61954 57.6296 
32.3901 -75.7557 
36.1616 -71.3276 
-65.0002 5.66773 
-63.554 1.93876 
10.0904 56.8759 
7.41199 59.7167 
-65.8356 69.2279 
-64.9289 65.4817 
36.1027 50.4171 
32.2804 47.533 
71.2895 24.9704 
70.8249 27.8539 
-35.7317 67.1856 
-40.2585 65.8971 
-33.7671 42.5883 
-33.9568 44.4218 
-48.8578 -57.1224 
-55.6633 -59.2905 
-32.6285 -65.3134 
-30.4084 -69.0044 
9.91629 55.1651 
15.6913 52.2965 
-51.9273 22.073 
-50.6301 21.3285 
-38.3594 -2.29349 
-38.5073 3.66823 
76.9244 -63.597 
77.3306 -67.6636 
46.4329 60.7802 
47.804 58.7097 
-66.62 -4.07985 
-61.6078 -5.60049 
-54.696 25.0661 
-56.3352 24.0993 
-74.9074 -68.6738 
-79.5423 -67.5092 
66.9571 23.6128 
63.117 21.8538 
-41.9777 -43.2967 
-41.8092 -41.3673 
-11.7336 -9.81152 
-16.9378 -9.9584 
-38.3031 -48.3092 
-39.2901 -45.4156 
-69.2284 46.6343 
-67.8047 48.0055 
59.3254 35.3723 
63.2753 38.6256 
56.9681 31.9673 
56.9173 28.089 
-52.812 67.9176 
-52.9456 75.5014 
-3.84766 35.2074 
-0.138826 38.0064 
-15.1875 -1.92585 
-19.8723 0.252692 
-40.7713 -43.8483 
-42.8215 -48.5191 
70.1168 -31.6388 
70.752 -37.2271 
73.4997 17.3699 
69.9441 17.0748 
17.1415 -48.1759 
17.1909 -52.7808 
-57.4246 9.10052 
-56.295 7.46238 
14.4059 8.74476 
9.01627 1.74103 
-67.7946 -5.06519 
-68.4807 -4.16671 
-18.0435 56.347 
-18.6105 54.7585 
69.8964 64.9214 
69.1637 58.3677 
22.1169 -30.3373 
18.1999 -33.0088 
-56.8581 14.0884 
-59.9077 12.9197 
-55.0112 53.5506 
-54.7907 55.6767 
36.4023 49.3017 
40.3164 46.6188 
-15.8345 -70.5712 
-14.4214 -73.5479 
-64.2216 43.682 
-59.6009 43.627 
-52.1541 68.6148 
-48.1765 69.5578 
-49.8508 21.6594 
-51.7014 14.0242 
13.9225 24.5887 
11.4665 26.9682 
-14.9399 -70.9402 
-13.7729 -69.7367 
74.8007 -27.2994 
73.7619 -28.4832 
-69.7243 -4.46762 
-72.1789 -2.87297 
51.5068 13.3971 
48.841 16.1585 
56.9195 -74.7385 
58.416 -72.9949 
-69.964 39.6636 
-67.9107 41.3588 
59.6577 2.98995 
58.2491 5.78439 
47.3513 13.459 
49.7433 7.13244 
60.4178 38.6295 
54.2691 36.9561 
23.4748 75.5962 
21.862 71.5645 
-64.6716 35.0611 
-66.7954 32.3546 
13.0855 -75.4436 
19.4317 -78.7337 
-28.7087 7.26781 
-25.7549 11.367 
53.1509 -79.0579 
54.9031 -79.5228 
6.26452 -42.4731 
0.578601 -44.3973 
58.0527 67.3097 
56.9197 66.6186 
-59.791 -47.3281 
-57.242 -48.373 
26.7411 55.8777 
27.7242 60.1721 
-68.7276 -75.3366 
-72.1767 -77.1241 
-67.1682 -78.4957 
-62.8569 -79.2378 
51.4191 -58.8986 
57.2508 -56.6612 
-74.959 -13.6145 
-73.8534 -17.2009 
-72.6088 -25.2613 
-67.965 -28.6524 
50.2787 -53.3295 
50.1791 -50.4162 
2.88517 -22.2877 
2.74009 -26.4628 
62.9577 -15.1361 
61.1919 -18.0119 
46.1058 32.6258 
42.0892 33.5071 
25.9489 48.929 
25.0569 51.0524 
-58.3919 -30.7178 
-56.5858 -26.5306 
-68.6697 19.8979 
-62.5211 20.3399 
23.0119 76.9692 
25.7519 79.5977 
74.3553 74.618 
71.4917 79.0974 
38.1268 -7.48561 
39.5916 -0.155003 
-43.4205 -40.6952 
-38.2766 -35.4176 
12.6214 43.343 
11.9629 42.1154 
78.8513 -23.6535 
74.8373 -20.918 
-40.0523 -24.079 
-35.9568 -22.114 
31.7237 -46.5132 
33.1942 -43.353 
29.1308 -57.9461 
25.6065 -61.682 
-33.505 1.22058 
-30.6536 3.22908 
17.8642 44.0968 
17.7531 42.3736 
42.6312 -39.4513 
38.5836 -37.0487 
-52.0895 -70.0287 
-53.3733 -67.4758 
52.4742 49.0661 
52.2728 44.3658 
-65.6648 49.5369 
-63.5911 52.9618 
39.0614 74.2613 
44.6591 79.1906 
-64.5956 33.4334 
-60.8609 33.3994 
-53.183 -74.4623 
-49.8517 -77.1234 
75.0024 -46.7274 
73.1667 -45.2686 
63.2208 -34.0128 
59.5729 -32.5242 
32.3841 -59.626 
32.0969 -57.7106 
-18.7571 -56.035 
-21.2285 -54.5514 
15.0361 -1.74541 
10.0764 -4.7231 
74.4421 14.0415 
78.29 17.4456 
-30.1125 -35.1441 
-26.1028 -38.0487 
-42.1989 -8.68121 
-37.2472 -8.6744 
61.1 3.45322 
61.7345 2.06453 
-37.5915 -72.5429 
-36.9089 -78.5429 
32.9339 16.8076 
36.0505 18.2506 
-70.8668 52.7757 
-72.0286 50.6273 
-58.9132 50.808 
-55.5556 49.1087 
34.798 -7.48106 
29.661 -7.27376 
-23.0009 -73.7266 
-22.9306 -72.7987 
2.77959 6.93296 
-0.953558 7.88708 
18.428 4.30088 
14.6153 6.06276 
-30.29 57.9578 
-27.299 58.8118 
-76.8012 -13.2893 
-74.707 -11.267 
-44.0371 29.1635 
-47.3511 27.4384 
7.60652 -21.7982 
8.99804 -21.1323 
-75.876 63.7828 
-73.4356 59.4663 
-47.0354 -8.29621 
-44.8943 -9.60084 
-51.7863 -72.4031 
-55.608 -70.3597 
9.47678 13.7467 
11.2623 18.5073 
7.13342 -62.5211 
2.45961 -59.7451 
-11.9361 4.45602 
-5.93011 3.07004 
-1.88913 -13.9608 
-3.65786 -10.1213 
-34.0023 -2.82612 
-29.321 -8.90063 
2.57637 -14.6695 
3.40553 -12.9288 
22.8854 6.67144 
27.8164 10.1615 
-42.7341 78.6005 
-39.9463 79.1917 
-79.3833 14.7027 
-79.0315 12.7112 
-53.7211 -74.6855 
-56.024 -79.7851 
-6.45824 -31.4905 
-5.65063 -29.5561 
73.7985 -10.672 
77.155 -8.02312 
-9.34787 -36.6265 
-13.3338 -31.4176 
16.4848 65.7168 
15.0223 70.5214 
-11.6884 74.0131 
-13.2122 77.6264 
44.2138 -22.8181 
45.0778 -20.3865 
22.6393 27.5185 
22.35 26.7497 
23.1426 -33.2785 
24.6004 -33.3348 
79.0765 4.77528 
76.418 5.35157 
59.4869 67.0637 
60.8836 71.5263 
31.1508 70.8101 
27.7182 73.3329 
-39.8656 -45.0289 
-35.1549 -41.8804 
-50.039 43.5205 
-47.3119 41.9885 
18.5471 -48.7089 
19.9794 -45.8223 
65.2124 -52.5963 
63.3434 -50.8818 
-30.3934 44.4503 
-28.536 41.4862 
-60.4064 -32.5731 
-60.6443 -32.0907 
-14.27 25.7681 
-11.3736 23.2601 
66.0118 -13.604 
65.1247 -11.6287 
46.1108 -64.3932 
42.5324 -63.7746 
-39.8175 15.5882 
-41.5539 13.8908 
0.0923056 52.6488 
5.98538 52.5748 
-33.887 36.3084 
-35.0581 35.5223 
-1.74387 -76.599 
2.26716 -79.6768 
-43.1 30.0177 
-44.2136 33.5392 
-36.2123 -72.4902 
-33.9623 -72.2603 
-38.932 -26.6599 
-41.2293 -23.7978 
79.6495 -47.0566 
79.1056 -48.8911 
-41.8112 54.4393 
-38.0693 48.5952 
-68.6139 6.27937 
-68.6489 4.1341 
67.8717 -16.7937 
71.5409 -15.978 
64.8632 -65.1376 
68.2216 -63.6274 
5.43324 73.7596 
2.28866 79.6833 
-20.8359 17.2494 
-20.7821 16.4496 
52.8813 12.28 
56.224 14.9538 
-69.2391 21.8137 
-72.7051 22.4342 
58.2907 32.9515 
59.2527 33.9802 
76.6818 38.1836 
76.5016 40.8392 
-78.9896 62.2061 
-79.0351 64.2523 
-22.734 -16.6378 
-24.4789 -13.1641 
-48.3962 56.3199 
-48.358 56.7194 
63.7473 -77.2533 
65.7728 -74.1291 
-54.1593 24.0203 
-56.3716 17.8522 
35.7771 -16.3552 
31.8495 -22.3585 
58.7917 -72.8915 
58.9199 -67.0378 
-30.7484 -32.4189 
-33.7541 -30.8237 
64.5953 63.8442 
61.6327 59.194 
-76.4745 30.569 
-72.5758 29.141 
72.1747 64.9556 
72.051 63.2522 
-72.9989 -46.9426 
-73.049 -48.5697 
20.6667 13.2588 
19.8437 9.63928 
8.43318 -31.0481 
5.23175 -33.6526 
-29.4048 -63.7942 
-34.9714 -61.2778 
-16.3585 -37.1572 
-15.1616 -36.8142 
8.71627 -30.0094 
12.9765 -29.3021 
21.3384 13.4715 
22.3519 16.955 
-78.1903 -11.7515 
-79.1482 -14.3487 
23.2918 -69.2835 
19.8809 -72.4977 
-79.6233 -35.1154 
-79.7756 -32.4919 
-13.3606 73.7311 
-12.2502 70.4089 
33.7114 7.68214 
37.8799 4.76787 
-71.4583 -68.1778 
-66.5376 -69.5166 
38.3611 -28.654 
41.2028 -29.6097 
35.7007 -79.0666 
32.5809 -79.2283 
13.3902 -10.3023 
16.2091 -8.26846 
78.6793 -71.5818 
79.0733 -67.5728 
-25.0178 28.973 
-23.656 30.7047 
-59.8692 -41.3092 
-60.0617 -38.7207 
-23.8372 -16.5811 
-24.3455 -18.9657 
-3.15461 -77.6178 
-5.79386 -79.6944 
-14.8964 32.5362 
-14.536 35.6452 
79.532 59.6533 
78.352 60.1467 
-73.8001 -64.8863 
-76.1171 -62.7446 
40.1739 75.0707 
43.376 71.5525 
-74.304 75.5675 
-72.2784 74.7949 
32.8452 27.5596 
31.9052 22.5953 
17.5824 -17.5156 
17.5683 -16.3087 
-15.999 -46.3184 
-12.6504 -47.3002 
13.8261 43.6494 
15.042 36.3352 
-9.08039 41.3936 
-10.9284 46.3113 
31.6817 45.8093 
31.7078 47.1189 
-60.7043 -19.0973 
-58.8589 -20.3246 
31.1121 41.9667 
31.9132 39.1555 
34.1128 -31.7254 
35.1234 -32.2547 
11.8803 79.3751 
9.66761 79.4036 
38.5598 -13.4552 
37.0967 -11.0012 
51.8299 23.5716 
51.3236 27.4928 
35.0366 27.9282 
35.9874 29.1478 
-59.3269 76.6281 
-58.4217 73.6608 
-17.2245 28.1536 
-18.1302 22.4951 
-22.0298 56.5804 
-21.7044 50.1658 
11.4284 -11.4781 
10.7413 -11.4922 
-78.6646 78.2366 
-78.0717 78.9438 
-74.8101 -24.0518 
-73.0547 -24.78 
-34.7366 8.45589 
-30.4964 9.99634 
-77.3907 -50.1867 
-78.2752 -45.5546 
-38.0548 13.1825 
-36.5893 13.281 
68.1177 -18.0859 
69.2528 -22.4531 
-70.1289 45.6669 
-71.9659 44.5373 
19.8361 58.3942 
15.993 58.064 
-28.9936 28.0205 
-29.0665 22.7801 
45.6456 -73.6921 
41.6256 -73.1413 
48.4016 26.9415 
47.2991 22.109 
75.3365 -25.4211 
79.0276 -26.908 
-4.20747 31.3562 
-5.21345 36.1961 
-19.0603 -16.8759 
-13.7938 -15.3157 
21.5191 57.2287 
20.371 54.3863 
-20.247 -37.7525 
-19.352 -39.6177 
60.1001 41.9956 
64.1824 44.4192 
-3.74825 76.5387 
-3.67105 70.4531 
-46.1734 -31.38 
-48.8251 -29.1666 
-21.3068 60.3982 
-22.2415 66.0204 
-67.8873 72.2459 
-65.9553 71.8037 
46.5835 -75.3429 
46.8172 -77.9777 
-36.6733 68.6378 
-33.9858 68.6189 
-29.9447 30.4476 
-31.62 32.2831 
-44.5204 -33.8911 
-42.1616 -30.5276 
2.76247 22.1791 
0.338667 24.0462 
51.0399 -42.6649 
49.9434 -37.0441 
-11.8602 -41.2257 
-6.19086 -40.8531 
-21.6145 -24.45 
-18.8614 -19.2801 
79.4854 -65.0784 
79.7825 -61.3908 
55.18 -48.9949 
52.8869 -45.4274 
25.01 -54.0993 
19.9735 -57.9928 
-58.1532 78.2587 
-62.257 79.5568 
52.3265 -1.03669 
49.8537 2.03484 
26.6075 -56.3984 
29.6674 -51.9613 
-77.2061 -24.0437 
-79.3909 -20.0019 
-4.55737 57.5577 
-3.27043 60.6801 
-28.9059 4.73899 
-25.5529 0.607522 
66.2672 32.4397 
71.8844 34.1525 
-24.6282 -26.492 
-23.2009 -25.26 
-21.5128 -5.34644 
-17.5066 -5.09073 
-76.3456 6.35776 
-79.33 6.83415 
75.2341 45.6583 
74.5189 45.146 
-75.9452 77.1557 
-79.4492 73.5848 
8.92842 53.2137 
10.2494 54.8094 
52.3838 21.1352 
54.0615 20.8891 
-42.2257 -4.82581 
-42.3122 -1.5405 
-9.98638 13.0417 
-13.3234 10.7568 
-11.6108 -12.2516 
-9.86239 -9.79138 
-26.2556 -45.4777 
-26.6464 -49.6461 
15.1411 -64.2978 
13.3871 -64.7199 
79.1123 47.5992 
79.4156 48.5211 
-43.5556 -55.5614 
-45.0634 -55.3076 
66.4579 -56.7027 
70.6309 -55.0839 
-39.8969 -56.6794 
-37.2782 -53.9405 
53.7411 48.4211 
54.9026 50.4958 
-7.92016 -25.2447 
-15.578 -24.5046 
-75.2319 -71.7223 
-74.577 -70.0557 
-6.03548 12.342 
-7.738 8.12656 
-59.4758 61.6421 
-59.9992 61.011 
40.1159 -16.0232 
42.9998 -13.672 
-4.38877 12.3395 
-2.54716 13.4333 
-23.7564 -6.26639 
-24.3956 -6.09198 
-27.3623 -45.571 
-29.7709 -42.2278 
59.1986 -8.86267 
54.2861 -6.81908 
9.30939 -13.865 
7.90568 -10.1665 
-54.332 -75.5522 
-54.0667 -74.4189 
22.6116 14.6369 
28.565 16.5422 
69.6234 -79.6871 
69.6989 -79.174 
-41.5553 -55.4207 
-41.6051 -60.3964 
6.02321 -53.1903 
4.65003 -54.2329 
4.18745 -22.3178 
3.50668 -18.4037 
-78.2579 -23.7391 
-79.6235 -26.2253 
-10.6968 -57.9775 
-6.8024 -54.2831 
-37.0352 73.4918 
-34.6684 78.8222 
-31.3918 -36.2656 
-32.2357 -36.3738 
59.9192 20.1556 
61.6011 18.7549 
71.9473 27.0007 
76.6903 29.6872 
-78.7997 35.6378 
-77.2419 34.4691 
34.7742 -15.359 
31.4009 -16.4887 
40.4001 -42.8808 
41.1106 -43.4168 
-42.2068 57.9346 
-38.2844 60.9835 
75.8026 9.90832 
78.7081 10.1532 
-61.614 -19.6699 
-62.4281 -16.4768 
-43.2513 73.5341 
-41.9055 71.5308 
-24.1611 71.488 
-20.3289 70.9134 
-18.521 -62.9761 
-15.5922 -59.4489 
51.0646 -67.9043 
50.0291 -65.1555 
53.0678 66.379 
50.9682 63.7236 
79.3934 -74.2154 
79.4847 -73.4313 
47.6391 53.1718 
48.5402 54.1606 
63.4232 -79.6591 
61.4039 -79.7288 
-33.4585 63.6655 
-28.3671 67.9023 
-40.5003 16.6393 
-39.2061 17.2455 
45.8449 40.9126 
46.9782 47.3629 
41.1036 38.9591 
44.5582 40.0284 
77.4552 -31.6356 
77.386 -31.7345 
68.4331 -32.355 
66.9844 -33.7785 
51.6448 -69.6823 
50.8326 -69.5975 
-45.8771 76.2172 
-48.59 78.9726 
59.37 -15.7839 
59.9387 -13.3933 
36.7251 -30.3416 
33.1202 -27.3009 
32.7798 -57.0037 
33.3764 -57.5999 
25.1369 64.3748 
22.5385 66.2794 
15.5609 -21.0891 
12.2374 -17.1807 
65.7453 -62.1517 
59.4159 -61.3933 
-14.1666 0.0909403 
-14.0126 0.945774 
2.82967 39.7673 
4.30565 34.7572 
62.0113 15.9865 
59.8753 18.3277 
10.3866 -28.877 
7.80912 -28.8964 
-58.1323 -12.503 
-62.7319 -10.1115 
24.5843 -70.2952 
28.4674 -66.089 
-56.5238 25.9373 
-54.1368 26.1677 
-17.7966 -38.0565 
-18.5525 -35.9181 
26.774 54.528 
26.1312 54.3724 
67.9897 -1.42864 
71.2185 2.44575 
-61.0036 -48.1015 
-62.338 -43.8657 
14.3601 -78.9399 
14.6154 -76.7856 
-6.03269 -60.1004 
-6.26939 -63.4045 
42.2933 -42.8721 
46.5807 -43.067 
-49.3947 -55.2776 
-50.8324 -53.2238 
39.125 38.4908 
40.0148 38.2226 
31.9734 44.9716 
27.6745 43.3595 
61.7558 14.1204 
62.9332 13.7737 
7.63577 -37.5692 
4.59085 -38.8014 
75.5109 -2.65159 
72.2214 -2.91451 
-50.9346 41.8362 
-53.7666 44.0093 
-54.7367 -2.8514 
-56.4179 -8.62736 
67.5225 73.1138 
65.8852 79.4412 
-66.7753 -31.5978 
-67.5038 -32.0674 
17.0664 -23.7682 
16.578 -24.2938 
76.9229 -0.985782 
78.0225 -1.55961 
76.7801 -47.5109 
79.5789 -43.3099 
-68.6761 18.9381 
-71.6735 16.1259 
-63.0179 -20.3594 
-61.9705 -27.0275 
9.97397 -46.099 
12.0454 -41.1484 
65.3764 25.6661 
62.0473 28.5582 
67.4025 -14.7278 
65.9552 -16.3128 
-74.2204 -20.1451 
-70.4959 -20.8132 
26.375 -71.1968 
24.2703 -75.1908 
-17.4308 44.4826 
-15.9324 46.0142 
-66.867 29.3925 
-68.2592 31.585 
75.3582 56.2851 
79.2878 53.5908 
-41.1173 41.7393 
-39.7514 44.0248 
-43.4952 -76.8785 
-44.1009 -74.1391 
6.14286 43.7279 
3.46849 41.6537 
-19.3903 -68.4366 
-16.6692 -64.1831 
74.4907 -79.4053 
79.7169 -78.7113 
19.602 41.9803 
20.5282 41.836 
31.8439 44.0422 
36.0243 42.6394 
-20.5977 39.2996 
-20.0327 41.8396 
75.2143 55.2344 
74.255 53.8113 
69.3823 52.9457 
66.9087 52.5851 
-51.1256 33.7837 
-56.0144 32.5528 
-41.3971 39.4807 
-39.744 38.0934 
-24.5084 37.3777 
-26.7739 36.4025 
-66.0793 28.2824 
-68.4545 25.0873 
8.87827 -37.6992 
12.5848 -34.9619 
-10.739 59.9107 
-13.6268 57.224 
-26.5027 78.3476 
-23.4811 79.089 
9.76476 76.1803 
9.38284 70.9136 
-55.6269 -2.22014 
-52.3731 0.0190796 
-43.0727 13.9513 
-41.5773 13.44 
-35.5099 -10.253 
-36.8593 -9.80995 
65.6873 -71.8713 
67.233 -68.7633 
-66.4486 41.0781 
-61.0324 38.2424 
49.5057 -4.0536 
44.4652 -2.55818 
-55.4472 7.42767 
-51.5635 9.52034 
-20.8125 8.30489 
-17.4412 4.82421 
-53.4958 62.3565 
-52.2469 61.248 
10.8103 44.1831 
11.91 48.8494 
46.364 36.4225 
49.3617 38.5404 
-75.2091 4.05093 
-78.5207 1.03979 
-72.86 36.5449 
-72.2712 39.2199 
-77.9824 -73.408 
-79.2622 -72.4614 
-23.3005 -63.4272 
-24.9057 -67.7045 
-66.9765 13.3458 
-65.6633 13.13 
27.0083 27.8499 
31.5942 32.2948 
-51.0308 -49.0771 
-47.2774 -46.8107 
-6.86594 79.7601 
-7.25335 79.709 
13.552 27.3351 
12.3125 31.8668 
30.3993 -3.9203 
32.6439 -1.13013 
-10.6101 60.7019 
-12.8146 63.0774 
-23.6754 -78.8382 
-23.7613 -78.1149 
-2.25514 -34.5511 
-3.11857 -36.3522 
56.6332 -14.0535 
51.354 -17.2497 
53.4375 -51.4088 
55.639 -50.8289 
53.9508 -25.3496 
54.8179 -25.908 
-79.2891 -50.967 
-78.8146 -52.9536 
-65.2475 72.4406 
-62.8766 75.1133 
-37.9304 -28.7817 
-37.638 -27.6891 
-75.1885 -4.21286 
-72.7711 -0.665086 
44.4006 -34.5924 
47.9336 -30.6408 
14.2586 65.715 
14.2594 62.2398 
54.2856 12.0617 
54.3568 9.76346 
25.7152 -0.237726 
22.6835 -3.65509 
-22.4608 38.6647 
-21.2833 35.8384 
34.4824 72.6899 
32.9952 72.4544 
-26.9741 69.6155 
-26.279 72.5705 
11.4853 11.6951 
9.21597 10.6487 
-53.4312 -15.5818 
-51.9281 -13.8142 
65.9752 -32.7019 
61.8996 -26.9707 
28.8009 -9.84544 
26.3523 -6.76931 
-78.214 -3.9658 
-76.6802 -6.37494 
-27.1344 -54.3251 
-25.5494 -56.3595 
-65.8652 27.3653 
-63.9783 26.3657 
-29.3066 -53.6045 
-30.3116 -54.9727 
-69.459 -4.94211 
-70.1356 -9.84779 
44.7541 -53.9122 
46.3492 -56.3685 
43.099 6.50529 
40.9562 8.80916 
44.2938 4.71768 
45.4115 5.23665 
-1.1498 -74.7983 
-4.11376 -72.1615 
-48.5384 -58.1939 
-50.1796 -57.3648 
34.0508 -32.4723 
32.4191 -37.9 
71.1338 73.8838 
73.5948 71.6485 
-51.1825 38.6093 
-48.0245 37.4025 
36.5783 48.5201 
36.5319 48.913 
-12.2977 55.7742 
-9.6893 51.8217 
-75.3143 -47.0547 
-74.1808 -43.2653 
-7.13345 -3.62185 
-6.2027 -4.5808 
-61.8829 -63.5699 
-60.2617 -60.353 
-57.8754 -72.2901 
-57.9448 -68.3365 
-66.7418 63.2411 
-66.3376 65.8043 
3.14625 -4.18605 
5.0443 -1.51283 
59.5472 -6.92691 
60.2104 -5.13678 
2.77843 -6.6762 
2.54002 -7.96495 
23.7582 78.5285 
20.3938 79.2055 
28.5013 -11.5033 
27.746 -12.094 
0.601269 -45.9737 
-2.91061 -45.3494 
72.0027 -30.4543 
72.041 -33.2873 
77.1442 -13.5666 
75.0989 -12.3639 
1.75657 48.0019 
-0.352965 49.6127 
25.8654 28.3315 
26.5547 29.5701 
49.3243 68.9841 
48.6659 74.1942 
55.0723 67.7126 
52.8022 68.8411 
-57.7842 79.6118 
-56.4936 79.549 
-59.2576 -73.4208 
-61.4209 -75.3802 
43.5306 58.5572 
41.6354 60.1737 
-69.5198 51.2462 
-67.9542 56.5255 
-13.4163 -74.7775 
-13.6769 -73.6014 
-71.4786 53.9042 
-72.8596 54.4404 
-28.5365 59.759 
-26.0379 64.2227 
-43.0763 -78.7527 
-42.9537 -79.6918 
-28.3796 -77.0398 
-29.1937 -76.5433 
57.4585 76.4264 
55.6487 78.3824 
17.4885 -41.1749 
22.6681 -39.6537 
28.1109 -71.4254 
32.5127 -68.5496 
-0.321313 -49.7794 
-1.04445 -49.4873 
-35.3931 -13.4772 
-33.1669 -11.4603 
-28.6056 46.2233 
-30.9188 47.5543 
-28.1702 -45.1427 
-29.4812 -46.4246 
37.4442 20.7636 
35.8652 18.7416 
-12.2759 -78.0117 
-11.8782 -78.9435 
48.0682 -48.9035 
50.3777 -50.0486 
-47.5873 -0.336151 
-45.2727 3.5652 
-66.1955 -79.7166 
-67.6798 -79.3948 
-58.0335 10.7984 
-55.3265 11.6649 
-23.7711 -46.9282 
-23.7181 -42.2953 
-75.1347 -58.388 
-73.0143 -59.8917 
-57.296 24.6928 
-57.0648 22.9115 
-17.777 74.211 
-16.1657 73.31 
30.6078 -74.3671 
29.0466 -75.4984 
38.1067 22.3885 
39.171 23.323 
-46.2191 13.7482 
-47.2567 12.4858 
-51.3266 2.74485 
-50.4904 0.0418384 
-34.3221 -65.5232 
-34.8038 -65.7973 
4.64799 -72.2164 
6.72929 -75.9332 
14.1369 12.5431 
17.5665 16.8732 
39.3663 -49.1898 
43.2712 -47.4799 
64.0426 -47.652 
64.5884 -45.6678 
-7.82472 -47.3641 
-8.83673 -44.5163 
-59.858 -66.8259 
-63.8581 -65.8246 
43.57 -54.4623 
43.2435 -52.045 
39.0326 -22.3296 
41.5807 -20.7504 
39.1072 -62.0293 
37.7067 -66.7451 
79.0684 -13.9072 
78.9222 -16.8323 
-28.372 78.5204 
-28.5766 78.9822 
-67.4297 61.1511 
-68.428 62.3232 
45.7787 -19.3864 
51.0965 -22.0694 
-63.3212 58.2456 
-61.5647 62.4725 
8.55767 37.7778 
7.9339 40.1852 
76.1113 66.6253 
76.9473 67.1558 
-29.8971 -64.8316 
-30.9983 -63.6614 
-31.0457 -16.054 
-28.7522 -19.9559 
17.3027 26.7142 
16.2526 26.8229 
-37.0836 9.84992 
-36.5538 8.33021 
-79.6995 34.1885 
-76.7433 30.8811 
-35.8031 -15.172 
-34.5385 -15.2494 
-51.3645 4.88053 
-49.5901 4.78063 
-38.4027 24.2528 
-40.6603 22.7791 
41.5623 -45.4903 
36.9065 -45.5299 
27.5023 59.5952 
23.5398 58.7772 
67.3356 16.0549 
68.9828 11.2625 
-57.0321 -1.1462 
-55.9391 -3.72329 
-0.0966737 -13.7996 
-0.265917 -14.9497 
37.6076 77.5283 
36.8799 79.7785 
24.2111 -17.287 
22.5261 -15.485 
8.69865 60.2857 
5.69653 64.3756 
33.4048 -32.9735 
30.2218 -32.4563 
2.57714 14.0322 
0.030085 18.9926 
-30.1684 28.5558 
-31.6122 27.888 
-10.528 40.7266 
-9.68561 39.6737 
38.0852 -56.6663 
37.3463 -61.0268 
-35.7907 -48.3686 
-39.42 -45.0978 
42.5602 -54.3795 
40.7661 -56.8069 
25.0923 -19.2119 
26.2998 -17.9577 
74.0428 -63.8696 
70.8665 -66.8992 
-76.9939 -57.3519 
-78.6335 -59.1317 
67.0493 21.7224 
67.8518 23.5464 
-8.79993 -21.023 
-10.324 -19.633 
25.2183 48.8604 
20.899 48.1972 
-13.7425 -43.6881 
-15.2083 -41.2641 
56.6375 29.5865 
53.6672 32.1341 
-51.4924 -43.7593 
-47.8106 -41.3453 
-21.6009 -16.3346 
-20.9243 -15.7895 
74.9614 24.4365 
74.3585 24.1536 
32.4865 61.6164 
31.3723 64.0628 
79.1617 70.4601 
79.453 65.7642 
76.3241 45.9047 
73.7513 49.4536 
-3.37034 -4.02118 
-5.65705 -6.24868 
63.848 -40.2827 
60.594 -40.6319 
3.02719 47.3477 
-0.58391 43.2508 
-37.2018 25.4637 
-36.8513 27.8787 
-77.5593 -37.7061 
-74.1216 -37.8315 
-50.5758 -27.2451 
-45.4764 -26.0394 
-6.51053 -49.1114 
-7.4449 -49.1993 
-32.5633 71.3389 
-33.4596 68.1957 
-72.009 79.5122 
-71.261 79.2588 
1.26827 -23.167 
-2.58797 -26.2316 
-67.39 -77.0427 
-65.6523 -74.3765 
46.5795 -18.9606 
46.9297 -16.4191 
9.53525 -58.6522 
12.693 -53.3677 
-67.4833 15.1961 
-69.1723 12.8427 
18.13 -21.0963 
20.7137 -21.1656 
63.6406 -2.01753 
58.4364 -3.19495 
-47.9419 -59.6773 
-51.0894 -60.4768 
-1.59512 -3.17198 
-1.43232 -4.13389 
18.1473 -40.0058 
17.745 -37.6763 
-55.4312 -16.2391 
-54.1245 -19.0157 
38.0963 -23.9068 
36.4564 -23.5871 
65.6022 -40.609 
67.8626 -40.0797 
-19.0781 -46.2075 
-17.0944 -50.7799 
-26.4382 12.726 
-25.0204 11.8896 
-75.0835 50.5113 
-72.182 49.0286 
-27.2864 16.1059 
-26.2416 16.5635 
-56.7795 52.1386 
-60.7136 56.3417 
-45.8149 55.707 
-44.0453 55.1598 
-69.0108 -36.2717 
-66.0793 -33.0149 
26.3377 53.0881 
29.821 52.0345 
60.3423 79.6356 
63.0488 77.3948 
66.3597 69.0862 
63.664 68.1582 
-30.8298 -46.8664 
-35.1234 -48.9004 
62.4034 -20.4294 
61.82 -17.9408 
38.0598 37.1183 
40.2742 38.0358 
-76.5455 51.4639 
-79.0882 48.3221 
-77.4535 52.0019 
-79.3121 53.358 
36.6261 36.7861 
36.152 35.4255 
-26.3589 14.2987 
-31.1293 14.9579 
15.0697 43.6297 
15.5835 46.4358 
-62.8942 -38.9421 
-60.2306 -37.378 
-78.2464 -39.1995 
-79.2154 -39.5317 
-8.96374 -3.94149 
-9.78816 1.95572 
-35.6753 -11.0828 
-39.5598 -12.861 
-24.8053 6.58291 
-22.0265 3.96181 
8.64154 -15.432 
7.54529 -16.2014 
-31.3401 72.827 
-31.4248 74.6278 
39.7834 -7.62266 
38.6663 -5.81431 
-31.221 -78.4108 
-30.62 -75.3512 
60.4228 51.5768 
58.791 56.6634 
65.0174 4.50833 
66.7519 2.1522 
48.3873 -9.31582 
46.2067 -10.8344 
-40.7586 75.9301 
-44.7502 75.9102 
50.325 -2.07854 
50.0865 -2.74333 
49.4221 -61.9844 
50.6861 -59.6331 
59.4345 7.81689 
58.2051 5.91361 
-75.3667 -48.1728 
-74.279 -53.3242 
-6.59346 55.7459 
-5.20781 51.2059 
41.6599 11.8138 
39.5701 12.9178 
37.2126 -77.8973 
35.7723 -75.9218 
59.3388 10.0498 
61.7031 9.09099 
21.911 13.9193 
23.4505 12.4089 
-46.4324 -66.8605 
-46.3588 -65.9998 
-32.3829 -79.7113 
-32.6953 -79.5326 
25.1898 32.9218 
22.6706 30.6581 
49.6055 50.5807 
42.5299 50.2138 
-59.6018 26.1674 
-59.2411 28.6767 
77.6879 77.2756 
79.5894 78.9843 
-37.8838 31.8945 
-35.0428 34.997 
3.1151 9.50733 
3.44823 10.7137 
-76.436 35.6639 
-77.9417 38.9391 
37.7874 60.3005 
37.4816 63.1831 
-49.8697 -22.1175 
-47.0774 -21.198 
-74.5442 69.0038 
-78.7261 68.5549 
-13.0962 -76.3321 
-8.75498 -75.8306 
26.6873 34.565 
26.6731 34.2682 
64.4586 -58.1823 
60.8116 -54.9054 
74.7859 -54.0201 
74.4804 -51.3989 
1.50298 -54.3611 
4.66751 -56.0237 
75.2788 -55.859 
79.2495 -56.6307 
4.43279 46.7426 
3.27858 45.932 
-8.6531 11.8558 
-6.85043 15.3605 
-64.8696 -38.2905 
-65.4683 -40.0737 
9.55524 36.2364 
8.53002 35.9166 
0.584143 25.9996 
2.24781 28.9202 
-19.6516 59.0521 
-16.7405 61.6426 
-39.0238 -57.6299 
-37.8032 -57.8864 
-60.8964 49.5639 
-59.7862 50.3647 
-42.8226 31.1394 
-41.3766 30.4978 
77.2156 46.5337 
78.6149 44.6706 
-76.0866 -23.6102 
-75.4407 -20.975 
38.2728 -79.2646 
41.3187 -79.3514 
71.2238 -61.7621 
75.2028 -58.5942 
26.6851 -26.6411 
26.1093 -23.3145 
34.9629 -58.2638 
35.3323 -54.2937 
-39.8878 -72.6879 
-37.0684 -69.3862 
32.8899 5.19611 
35.8177 1.32247 
-0.197249 -47.6057 
2.95938 -48.0375 
-7.7252 -58.8621 
-9.89169 -59.2751 
-57.9058 25.6795 
-60.9687 24.1209 
-24.0693 56.7191 
-23.1963 60.4577 
-11.1394 61.4384 
-9.13018 62.8038 
-44.3792 13.5036 
-45.1968 15.7314 
22.7864 -31.6919 
22.61 -30.0201 
62.7777 -22.1845 
63.81 -22.129 
67.7667 20.4765 
66.2785 19.0828 
6.50418 -64.4491 
2.87944 -63.6315 
-67.1652 -13.8042 
-66.596 -18.0224 
17.0189 21.6099 
21.2786 21.375 
52.3235 -71.6151 
48.505 -71.6251 
9.72795 -37.6285 
9.49895 -37.9062 
-55.1942 64.615 
-50.3274 64.9233 
-5.38321 60.4278 
-3.07751 63.822 
-19.5271 -33.9144 
-23.1811 -35.4198 
-51.1098 31.4914 
-48.5218 33.1909 
76.454 8.39349 
71.8014 6.99437 
-45.5521 8.08456 
-41.397 7.01072 
64.1291 -68.2174 
63.9689 -65.3952 
-9.05678 -70.5051 
-13.7671 -68.0234 
-54.5199 -54.005 
-50.5507 -53.0569 
-49.823 -51.7481 
-55.5846 -51.9598 
55.8615 -76.868 
53.8877 -75.039 
-44.2612 74.8825 
-47.454 73.1538 
-11.4989 -63.3417 
-9.31036 -66.6058 
-52.3146 -62.2673 
-56.2901 -63.9931 
-62.6304 -49.0356 
-60.4582 -50.9923 
57.3588 -22.3967 
57.2527 -27.5484 
-0.387042 -54.535 
-1.97192 -54.3755 
-65.29 13.8137 
-62.5806 16.6063 
46.1643 -48.2946 
47.3745 -47.7824 
73.2729 -44.2919 
74.1634 -40.3002 
51.2862 55.3515 
50.1934 51.3578 
-32.8987 39.556 
-36.7402 40.9796 
27.9706 -27.1298 
28.6267 -28.0194 
5.19489 -22.2269 
4.95615 -22.6442 
37.8374 74.4634 
39.192 70.007 
19.1571 65.6794 
18.3212 68.808 
23.6844 38.7246 
22.192 43.3479 
