93.36456254411381 71.64105189841474 0.2940896611105439
100.07239502569878 87.6064725602108 1.0617405333591146
113.39870834356346 12.185554618774972 0.42446008505358906
102.53468245937948 68.12504017058211 0.8778228156506301
74.9025579391809 22.800068933030936 0.4070244341226939
101.67446895869716 74.66163476427872 1.0396095366866094
140.53375553650955 53.81471906855535 0.3030637617932596
99.70247990978024 97.15561495433066 1.186512494184018
76.81108090440867 78.64792677266287 0.32804058077207565
89.74686643080616 42.12507138876921 0.6665410421837294
89.13463903368788 17.78013428944995 0.41464933762978884
98.78361489154707 91.6146156612395 1.110790956004863
114.2777472242906 85.90721458063479 0.3050746893307441
82.25055425413828 83.40413097373761 0.6227624173154636
59.77877631174841 52.387148477133614 0.3258864284073272
117.18994732280306 58.639141319689955 0.7138295977502119
133.7118816323199 32.210931753398526 0.34251935240988146
100.07239502569878 87.6064725602108 0.5579175052124079
130.25619478130776 76.0592991206791 0.2721672256075045
93.53575384873817 46.69359774566643 0.694377653235602
89.74686643080616 42.12507138876921 0.33816930300567394
103.9278520748062 29.450055625265016 0.6357642378451908
103.3231114357183 11.997101732617098 0.3153950140511641
65.16252100582756 61.38541038188561 0.5022975330165586
59.77877631174841 52.387148477133614 0.45163406089754476
131.4211450536352 43.36557700069674 0.49928447769107814
133.7118816323199 32.210931753398526 0.43843785640559324
94.69837692700303 90.29601696797553 0.657550650758059
88.09721971999704 87.06863038403543 0.2810836697365269
79.33818500205754 28.08999533816594 0.5078837244761035
74.9025579391809 22.800068933030936 0.3991130908286445
76.81108090440867 78.64792677266287 0.590811087042481
71.78870373490793 65.8862489661907 0.3180455570966425
126.53499387842999 48.74811886910669 0.5635556557834529
131.4211450536352 43.36557700069674 0.37918180320662076
123.58306893315755 82.22814135055296 0.4461333017952648
130.25619478130776 76.0592991206791 0.4094327282327128
123.97097160692536 54.473332986738015 0.6497294533620809
122.9286986429881 39.0310548662076 0.3082137183629386
102.53468245937948 68.12504017058211 0.7647002293174353
112.16300531026558 60.59811994722993 0.29918903929551294
126.53499387842999 48.74811886910669 0.45676971164514063
122.9286986429881 39.0310548662076 0.4041664560689048
71.78870373490793 65.8862489661907 0.5583368259915376
65.16252100582756 61.38541038188561 0.3617121337708571
84.89031484734296 30.852546594198806 0.565245509531267
79.33818500205754 28.08999533816594 0.36739547214290225
100 100 1.1907646075777985
99.70247990978024 97.15561495433066 0.26218553413359735
112.16300531026558 60.59811994722993 0.7491186086619045
122.01023945864594 62.065459785174184 0.28056921043125443
96.63249734735993 49.31618231988991 0.683086698710272
100.58382369893238 33.886706545828055 0.3215437319323015
100.80478544929535 78.73108278496572 1.0454666750310762
101.67446895869716 74.66163476427872 0.2672989492903357
107.21276705859691 22.236373511171735 0.51971498418114
113.39870834356346 12.185554618774972 0.3997988400322515
107.21276705859691 22.236373511171735 0.48853448787451237
103.3231114357183 11.997101732617098 0.4400670305970697
100.58382369893238 33.886706545828055 0.6584604523362466
103.9278520748062 29.450055625265016 0.30551053428398384
118.38424918382839 83.52971296758773 0.49563986338291444
123.58306893315755 82.22814135055296 0.32063099283821267
96.63249734735993 49.31618231988991 0.7098559084440444
93.53575384873817 46.69359774566643 0.28393996030720214
100.80478544929535 78.73108278496572 0.3784352984960867
93.36456254411381 71.64105189841474 0.30638718696453054
84.89031484734296 30.852546594198806 0.48704241335269194
89.13463903368788 17.78013428944995 0.3536732423182656
88.09721971999704 87.06863038403543 0.6399635294265515
82.25055425413828 83.40413097373761 0.2740023496837317
114.2777472242906 85.90721458063479 0.5256853834761004
118.38424918382839 83.52971296758773 0.28648252126664336
123.97097160692536 54.473332986738015 0.4472283468272668
140.53375553650955 53.81471906855535 0.39497009392346644
98.78361489154707 91.6146156612395 0.6693062641813
94.69837692700303 90.29601696797553 0.2494529833622632
117.18994732280306 58.639141319689955 0.3840734548927736
122.01023945864594 62.065459785174184 0.3257598117622226
