91.28114854771403 63.45591156554957 1
124.46303001099017 6.588422778963898 2.156708730225971
60.6503648681048 21.800547188373876 3.194307103102521
143.1645138366714 55.3830585148841 4.100772471121043
59.870687062908054 79.74493124228641 4.877662355541798
87.53276143420818 5.414659846644532 3.298976636595632
126.23057787471923 92.4881270994032 5.484288323479211
55.38005985595438 50.113981854149905 2.7475666147943842
138.68565104951924 28.926698281525365 3.075591893915264
132.30212612734482 73.46972906132099 2.6470593358416874
73.97296652793293 44.62763035848292 4.502555259859108
103.78978167880814 8.855789600557639 3.7580661314886243
53.937046155315315 35.082119969913705 2.7990654128063026
135.05057374697859 16.26569587758706 3.05363295616788
78.42431352375905 94.48854053181978 4.802487655859842
71.74772473522046 9.974004505956602 3.6377648759586667
78.02731604929866 57.57423003202027 4.531336676602892
147.2946482258637 38.76011712385849 4.534050793558007
145.76481846893375 69.33947712434676 2.4753520459208413
119.14552416686118 35.96623838839474 5.186895611975198
110.86893369562141 48.16142317610685 5.979681114025017
122.03274972977178 24.66243025742527 2.8580596477223947
52.83051419289355 65.96311465499298 4.660349764222122
67.10980649643746 33.23053063129922 4.762256673022755
111.50765416391157 98.28972671602729 9.943359249702334
123.83605728247635 67.09014771172923 6.4935247226382
95.53540641035742 23.89361128491778 4.960495970068627
112.06854699585374 75.77329014122793 9.03398748533556
112.52086102242325 2.465737204647156 4.106035435876487
96.44872161055874 2.116570912282101 3.0131863774976164
111.42557694723311 31.73112799900317 6.146242504916156
133.98395741112367 86.39775587962417 4.317705346648006
85.87774584013366 51.294005466199685 6.459906353195873
83.72601048439405 69.1712424261357 2.8821274111294914
94.50606626890232 13.945962231557418 4.076678375029193
73.27910903126697 86.86787450282338 6.137551834375715
119.21415980929653 74.63205716603834 4.908091102953398
148.81355230851162 50.73046291016014 3.0076118392865276
91.36388344456445 98.25321088638172 6.55476424351661
131.57097561579215 63.79321258914352 2.8056921043125445
