112.28116963677422 68.84979067203555 0.2880647324828928
98.45310564383963 90.16888045568186 1.1393633933403102
78.24256521400359 31.439966764585915 0.4856053161138687
96.1203866261769 70.03081451906037 0.9648579394780383
109.66262123743695 15.6826902877249 0.5057148762947251
100 100 1.1931511404013497
68.4120594347232 74.45136945594875 0.3897619603301552
98.47140538981465 83.83449297675172 0.810466901156485
136.44999563493747 46.221564884643726 0.4392038110404969
101.18629640728801 38.496622416169295 0.7077405652882334
101.40868675905679 29.437532337047692 0.4839170398627994
111.51721112698486 72.06001042808235 0.7703848063393085
120.25501409434113 70.17930445987615 0.41218074043111147
97.98389974784303 92.7402617097301 0.556536037239188
68.4120594347232 74.45136945594875 0.4836965345390283
97.98389974784303 92.7402617097301 1.1513416601856066
98.45310564383963 90.16888045568186 0.3612427872067489
129.796787368992 61.224237738360465 0.6180200747846795
136.44999563493747 46.221564884643726 0.5328945980455237
123.92207400376012 65.31814675716961 0.6793251527524293
129.796787368992 61.224237738360465 0.42624960350028784
120.25501409434113 70.17930445987615 0.7288561494137802
123.92207400376012 65.31814675716961 0.4192549324726879
101.40868675905679 29.437532337047692 0.6224661631875804
109.66262123743695 15.6826902877249 0.4818102552128227
80.57182035695597 40.09887224050481 0.668686367906211
77.30741634312369 21.933822621294738 0.35475352699379287
95.55133092746938 54.67980567464308 0.7693344935268459
86.44321574684203 46.9411628692971 0.3895658850293038
95.55133092746938 54.67980567464308 0.7622492382217371
101.18629640728801 38.496622416169295 0.44543551514761554
86.44321574684203 46.9411628692971 0.7344836657378991
80.57182035695597 40.09887224050481 0.45983572391785665
98.47140538981465 83.83449297675172 0.9819089724767536
96.1203866261769 70.03081451906037 0.36460027508755766
78.24256521400359 31.439966764585915 0.5692732948043685
77.30741634312369 21.933822621294738 0.5190513135570574
111.51721112698486 72.06001042808235 0.4219836891488674
112.28116963677422 68.84979067203555 0.3714207636189669
