116.05472356680386 66.77974017594445 0.2880647324828928
98.47140538981465 83.83449297675172 1.1393633933403102
59.18550511451905 22.428157348284273 0.4856053161138687
95.55133092746938 54.67980567464308 0.9648579394780383
126.49184021076027 7.967726985225543 0.5057148762947251
97.98389974784303 92.7402617097301 1.1931511404013497
57.31042362235901 75.70313388716959 0.3897619603301552
111.51721112698486 72.06001042808235 0.810466901156485
146.9161720278328 43.019325839315535 0.4392038110404969
101.40868675905679 29.437532337047692 0.7077405652882334
88.7029603932951 5.341244930311206 0.4839170398627994
120.25501409434113 70.17930445987615 0.7703848063393085
136.65898791958787 82.28420305824686 0.41218074043111147
68.4120594347232 74.45136945594875 0.556536037239188
53.24661867350016 52.721435959575615 0.4836965345390283
98.45310564383963 90.16888045568186 1.1513416601856066
118.0680307753423 94.70259690232146 0.3612427872067489
136.44999563493747 46.221564884643726 0.6180200747846795
140.17066901696597 22.794866734746666 0.5328945980455237
129.796787368992 61.224237738360465 0.6793251527524293
146.58538056046635 64.66280073026299 0.42624960350028784
123.92207400376012 65.31814675716961 0.7288561494137802
118.39861464903456 46.975624428958064 0.4192549324726879
109.66262123743695 15.6826902877249 0.6224661631875804
107.42321027500222 0.5946078156092938 0.4818102552128227
78.24256521400359 31.439966764585915 0.668686367906211
78.5432190526877 19.065602174075003 0.35475352699379287
86.44321574684203 46.9411628692971 0.7693344935268459
72.4777213606276 51.47822820112084 0.3895658850293038
101.18629640728801 38.496622416169295 0.7622492382217371
123.25756461797542 29.5344064548124 0.44543551514761554
80.57182035695597 40.09887224050481 0.7344836657378991
57.73950712057159 37.63341492808323 0.45983572391785665
96.1203866261769 70.03081451906037 0.9819089724767536
80.3100260167943 63.51620909645417 0.36460027508755766
77.30741634312369 21.933822621294738 0.5692732948043685
72.82025117754394 8.3426332177573 0.5190513135570574
112.28116963677422 68.84979067203555 0.4219836891488674
109.53913402025603 57.2746765924385 0.3714207636189669
