116.05472356680386 66.77974017594445 1
59.18550511451905 22.428157348284273 2.9610621760275464
126.49184021076027 7.967726985225543 3.9912953997944802
57.31042362235901 75.70313388716959 5.666147539372078
146.9161720278328 43.019325839315535 2.6662292859102954
88.7029603932951 5.341244930311206 4.443458594470252
136.65898791958787 82.28420305824686 4.413514686794042
53.24661867350016 52.721435959575615 3.4815401990512007
118.0680307753423 94.70259690232146 7.719289958738262
140.17066901696597 22.794866734746666 4.044433224296341
146.58538056046635 64.66280073026299 5.754405185693209
118.39861464903456 46.975624428958064 6.381572269736574
107.42321027500222 0.5946078156092938 4.804302311328856
78.5432190526877 19.065602174075003 4.788305364487435
72.4777213606276 51.47822820112084 5.783239112310302
123.25756461797542 29.5344064548124 6.899902031851913
57.73950712057159 37.63341492808323 5.7792890095175
80.3100260167943 63.51620909645417 9.210895496645788
72.82025117754394 8.3426332177573 3.5234166863044853
109.53913402025603 57.2746765924385 2.880647324828929
