70.50374158346303 13.507519872934171 1
140.41092460963375 22.949652952443735 5.000344929351014
50.81899970142487 55.57890861056152 6.57116705318097
136.43606774697335 78.97829239002496 7.620560685103069
106.66445210652739 6.863467402328705 5.526072546101879
145.346873996105 52.07898497881327 5.604535265487955
55.9647261659799 33.29596405452278 4.928506426690673
60.58260683489076 80.70492664965386 6.840934938524388
126.40896113833735 8.624017597667532 5.332721817495409
87.54003895800938 3.885231217998242 5.841086234430934
