86.58114753166099 19.959850135974403 0.5841086234430934
97.03905434742362 81.96557490451825 1.0411050810490203
131.0631092349545 29.56199430201394 0.5387967210677173
100.26316288124603 93.03783044584604 1.1659758108653588
64.75965263243377 55.50221660877436 0.5170533980351592
100 100 1.1963288779340424
100.26316288124603 93.03783044584604 0.5027126989732406
102.93695086096284 60.674327078395855 0.8333149653048504
95.48442699148015 33.590377007170105 0.5756117189381126
102.93695086096284 60.674327078395855 0.8192160565731433
126.04431751100383 48.152062024492395 0.5228383617936702
79.27199782948954 72.56645326839313 0.7015163183641907
64.75965263243377 55.50221660877436 0.5915506316973078
97.03905434742362 81.96557490451825 0.7700882903780664
79.27199782948954 72.56645326839313 0.4812471046413016
126.04431751100383 48.152062024492395 0.7409976019823694
131.0631092349545 29.56199430201394 0.6303394118698218
95.48442699148015 33.590377007170105 0.7293311371225415
86.58114753166099 19.959850135974403 0.5735358374830544
