86.38900372842315 58.245828039608384 1
146.22059660071244 48.43668911875354 4.1153838851608615
104.4746527933602 1.4439894007435505 4.740161174764469
60.21743609304273 21.924997266000457 3.370013615579081
61.60507036038747 77.2405849091762 8.26440735994158
139.70551259388253 19.898351526916702 5.891630862337372
50.2960390027555 51.16461799332033 5.956569296611143
137.3412185902231 82.51281100235374 8.191696464240314
85.0866628058095 19.589553518502 7.241481094174448
99.43110529695458 43.80610970074896 3.440884004509295
