55.76778814021382 37.182246418035845 0.4597772507412293
99.54002453671757 80.91007767085405 1.1493962941291227
143.40579377252055 27.575099331322118 0.4754345156616897
110.19997758846452 48.78318210617263 0.963701457000562
96.43707185809104 4.502458403144116 0.41777440149912864
101.22525846322013 91.97798929993783 1.1855146574413327
136.91193636692284 77.96411154946998 0.36704246702204385
99.93456416051556 97.10594756399512 1.2016205929032584
66.2946845964935 86.01848594428894 0.4098289372861516
74.02849587065447 43.21415582909344 0.6106614495112993
71.98081782864925 14.794534042198592 0.5072613806039286
82.8126194911712 64.30031878143863 0.7372007099533427
52.77426431812879 64.52788858366665 0.4248486166720961
110.41219960475426 25.01964509473509 0.8077348340573618
124.32312373077372 6.316712467410568 0.4796614379141105
129.632264423061 43.902670133526 0.5984934709766037
149.32020160441226 51.8034514553604 0.4746139410175112
108.10316176425938 38.57026158550463 0.8796383959901808
92.86886038480789 32.707782583171486 0.3678693274275806
106.21958345271179 66.02215610395686 1.0025986901275885
126.87283073423583 62.57764640746857 0.3886196145598256
130.43542841109027 76.85434379751331 0.528593156532393
141.12010450514632 64.3956944217374 0.4614299745956805
99.24695591247725 32.56007688481942 0.5355897490439095
89.41782779515196 18.682442240225217 0.47004733784426617
107.2746233524267 58.059270930686985 0.9827456636926624
93.73336845347202 47.73507486955042 0.3782460566141864
119.02444696948518 19.61461727879543 0.5825117865226455
129.28347239238647 21.719481341505762 0.4436130493674279
96.70688854646512 9.401113373821062 0.6181136800370255
84.01329745678801 2.668508621102883 0.5465267226892937
62.399914773100406 60.04103929361131 0.5571222731144014
51.82505003267577 50.301482369666495 0.4582652048445934
88.950216026155 71.98956151657406 0.799303929232304
72.37339934632037 74.5978467115806 0.2805034090807504
105.58382006982238 16.15051405164786 0.690579253088212
110.26536261064066 3.7472482061640777 0.4533539274472551
74.25095498048151 73.78745258343201 0.47917393548226594
61.33266043882919 73.99394977858664 0.4447141057311794
