74.02849587065447 43.21415582909344 0.4597772507412293
101.22525846322013 91.97798929993783 1.1493962941291227
129.632264423061 43.902670133526 0.4754345156616897
107.2746233524267 58.059270930686985 0.963701457000562
96.70688854646512 9.401113373821062 0.41777440149912864
99.93456416051556 97.10594756399512 1.1855146574413327
130.43542841109027 76.85434379751331 0.36704246702204385
100 100 1.2016205929032584
99.93456416051556 97.10594756399512 0.4098289372861516
82.8126194911712 64.30031878143863 0.6106614495112993
74.02849587065447 43.21415582909344 0.5072613806039286
88.950216026155 71.98956151657406 0.7372007099533427
62.399914773100406 60.04103929361131 0.4248486166720961
108.10316176425938 38.57026158550463 0.8077348340573618
119.02444696948518 19.61461727879543 0.4796614379141105
110.19997758846452 48.78318210617263 0.5984934709766037
129.632264423061 43.902670133526 0.4746139410175112
110.19997758846452 48.78318210617263 0.8796383959901808
99.24695591247725 32.56007688481942 0.3678693274275806
99.54002453671757 80.91007767085405 1.0025986901275885
106.21958345271179 66.02215610395686 0.3886196145598256
101.22525846322013 91.97798929993783 0.528593156532393
130.43542841109027 76.85434379751331 0.4614299745956805
108.10316176425938 38.57026158550463 0.5355897490439095
99.24695591247725 32.56007688481942 0.47004733784426617
106.21958345271179 66.02215610395686 0.9827456636926624
107.2746233524267 58.059270930686985 0.3782460566141864
110.41219960475426 25.01964509473509 0.5825117865226455
119.02444696948518 19.61461727879543 0.4436130493674279
105.58382006982238 16.15051405164786 0.6181136800370255
96.70688854646512 9.401113373821062 0.5465267226892937
82.8126194911712 64.30031878143863 0.5571222731144014
62.399914773100406 60.04103929361131 0.4582652048445934
99.54002453671757 80.91007767085405 0.799303929232304
74.25095498048151 73.78745258343201 0.2805034090807504
110.41219960475426 25.01964509473509 0.690579253088212
105.58382006982238 16.15051405164786 0.4533539274472551
88.950216026155 71.98956151657406 0.47917393548226594
74.25095498048151 73.78745258343201 0.4447141057311794
