55.76778814021382 37.182246418035845 1
143.40579377252055 27.575099331322118 3.701745160002748
96.43707185809104 4.502458403144116 3.9012805834435893
136.91193636692284 77.96411154946998 5.906296599220814
66.2946845964935 86.01848594428894 6.459642212274672
71.98081782864925 14.794534042198592 3.9628281676243846
52.77426431812879 64.52788858366665 5.36593849036265
124.32312373077372 6.316712467410568 4.4789088478228525
149.32020160441226 51.8034514553604 4.329331447361659
92.86886038480789 32.707782583171486 5.769054904998124
126.87283073423583 62.57764640746857 7.5763760660980015
141.12010450514632 64.3956944217374 3.446179440623194
89.41782779515196 18.682442240225217 3.546078632880079
93.73336845347202 47.73507486955042 8.218547536227936
129.28347239238647 21.719481341505762 4.755529035356995
84.01329745678801 2.668508621102883 4.085337657188031
51.82505003267577 50.301482369666495 4.145342072510686
72.37339934632037 74.5978467115806 7.271497151478512
110.26536261064066 3.7472482061640777 6.140342056527285
61.33266043882919 73.99394977858664 2.8050340908075047
