89.65443526933878 61.295302076437224 0.34408840045092953
100.3369849899337 94.64812419514705 1.1376408842614334
114.18550445824096 61.364130595649115 0.5425766154506486
109.07415963187373 78.03027383803376 0.8412383086494076
119.27642466966914 34.65779708262831 0.6278990359144843
103.78617986365742 85.68948749716556 0.9127967301869373
70.15560544198553 49.394060952183686 0.6085991052335948
100 100 1.171398111397949
100.3369849899337 94.64812419514705 0.5129879550774934
114.18550445824096 61.364130595649115 0.7580468792815488
119.27642466966914 34.65779708262831 0.5729127673926374
81.81078352786915 54.52709500437385 0.7335353234177656
70.15560544198553 49.394060952183686 0.5531778214523774
103.78617986365742 85.68948749716556 0.8928758583040413
109.07415963187373 78.03027383803376 0.48839386710075605
89.36962679906269 63.733755731308875 0.8407333331408713
81.81078352786915 54.52709500437385 0.5843756825718749
89.36962679906269 63.733755731308875 0.54989818140836
89.65443526933878 61.295302076437224 0.5007238074332525
