86.38900372842315 58.245828039608384 0.34408840045092953
103.78617986365742 85.68948749716556 1.1376408842614334
146.22059660071244 48.43668911875354 0.5425766154506486
114.18550445824096 61.364130595649115 0.8412383086494076
104.4746527933602 1.4439894007435505 0.6278990359144843
89.36962679906269 63.733755731308875 0.9127967301869373
60.21743609304273 21.924997266000457 0.6085991052335948
100.3369849899337 94.64812419514705 1.171398111397949
61.60507036038747 77.2405849091762 0.5129879550774934
119.27642466966914 34.65779708262831 0.7580468792815488
139.70551259388253 19.898351526916702 0.5729127673926374
70.15560544198553 49.394060952183686 0.7335353234177656
50.2960390027555 51.16461799332033 0.5531778214523774
109.07415963187373 78.03027383803376 0.8928758583040413
137.3412185902231 82.51281100235374 0.48839386710075605
81.81078352786915 54.52709500437385 0.8407333331408713
85.0866628058095 19.589553518502 0.5843756825718749
89.65443526933878 61.295302076437224 0.54989818140836
99.43110529695458 43.80610970074896 0.5007238074332525
