78.10546311021537 54.111101813830956 0.27704971519537247
102.18338671663486 91.3800872607648 1.1421520742937061
120.76961304622358 39.768155191207214 0.43128748851283705
94.49191373299452 65.35837078118307 0.942288554718113
81.11366707023878 34.39746511371112 0.46035724424196867
100.16585810238765 96.97125485330103 1.155516443347122
102.18338671663486 91.3800872607648 0.375430705401057
100 100 1.1928876236179324
73.3404324239577 82.05858235828642 0.35422322481361934
88.24340806526394 44.69943853204406 0.6214109045149568
72.46314555697748 26.245057350892687 0.423788795660182
117.40176013824063 47.223700843109725 0.6299773896388436
123.54011442731934 24.158164153740795 0.439255196585376
108.29826412812139 70.68906343217374 0.8044072305154416
137.12377937203797 54.93979770106828 0.3869937269269436
91.80430298687719 59.6894922120996 0.7019260673002741
57.55790624329019 52.41984714555134 0.4211609504117404
72.4871048902585 53.00545337941223 0.5835013534602301
65.75150125303273 54.710378821834496 0.3967458737515615
91.06177324796938 53.12407603929587 0.7690572015047363
97.63628445394815 24.22652852131761 0.31854790236027525
127.37330382046395 60.00976494292374 0.5048685590776717
137.12377937203797 54.93979770106828 0.41355486025522087
88.24340806526394 44.69943853204406 0.5989791309352346
102.00807591990849 18.41611270249542 0.4893065869329302
120.76961304622358 39.768155191207214 0.5537449860240997
123.54011442731934 24.158164153740795 0.43975988698126967
101.28095561514513 78.25125785919813 0.9659470688198933
96.13796336376429 69.95045206402334 0.33971820694310384
91.80430298687719 59.6894922120996 0.7888163473922887
91.06177324796938 53.12407603929587 0.3300950728450162
81.11366707023878 34.39746511371112 0.5221946271699863
72.46314555697748 26.245057350892687 0.4047041142797347
78.10546311021537 54.111101813830956 0.6872337173857218
64.8237644406736 42.01055884342619 0.32410384353364025
114.91307828704568 61.13442274412964 0.5679655652992565
127.37330382046395 60.00976494292374 0.37920891897990133
116.86302589480314 54.2016613698231 0.6678843402313864
117.40176013824063 47.223700843109725 0.363178513900062
101.28095561514513 78.25125785919813 0.8380898735157212
120.14758624483419 72.75122033277673 0.24603836388115716
92.19704462922948 92.71133750761523 0.5052346841974956
86.31723090179585 87.3868768180446 0.2849329477049904
114.91307828704568 61.13442274412964 0.6960949078078559
116.86302589480314 54.2016613698231 0.3401863196715806
86.31723090179585 87.3868768180446 0.4730158707383492
73.3404324239577 82.05858235828642 0.3944839315900467
97.63628445394815 24.22652852131761 0.5673017019887686
102.00807591990849 18.41611270249542 0.4029473101303519
96.13796336376429 69.95045206402334 0.9517324508526686
94.49191373299452 65.35837078118307 0.293987285993927
108.29826412812139 70.68906343217374 0.40848787972072603
120.14758624483419 72.75122033277673 0.37625910332005746
100.16585810238765 96.97125485330103 0.5366940672236609
92.19704462922948 92.71133750761523 0.2948083777094642
72.4871048902585 53.00545337941223 0.5012061511920064
64.8237644406736 42.01055884342619 0.45120968289942476
65.75150125303273 54.710378821834496 0.5145287399503773
57.55790624329019 52.41984714555134 0.3947483809460097
