73.5544251953656 51.63345846948913 1
142.7149197789548 28.051174061145257 2.8812946291886723
87.09217803195371 2.5614746516506637 2.7789132200414706
136.93289129866858 83.5181005837539 4.9498204394729015
65.39798739817012 83.96165712739432 5.422679047618576
59.71665266193806 23.955845400365796 3.8902272307265613
118.10864844879848 11.023992634467694 3.636397346161791
147.11712065748864 58.28950987493124 4.744075415024243
50.966804218909154 44.45551842111393 2.546322041368753
55.96457500905323 64.93893504312574 3.8547490239210216
101.06781249075902 21.13902612523455 5.009287066810653
146.86974682332658 45.247269357104905 3.4643339892958114
103.95126478198154 0.8740753378367883 2.924125972597645
133.19377951638558 13.637787795707634 3.9485777216731766
77.07286554779418 69.50794023571505 7.312861817167072
102.49204786316584 46.19852371512343 6.418319571946251
70.74878672473848 15.611850365963376 3.9610535237444577
64.67839696899406 38.41179529492287 4.9741954687679755
140.88311401495278 69.84812804829983 4.7466628518854055
108.6318814173479 34.78470117337953 5.950087434292232
121.90385583027317 73.55422361861224 7.469648128900985
85.41871528778987 80.33053717484933 3.7166597955804543
128.97850187311542 48.02165787923569 6.457944566100142
65.31202752327714 72.39587229993671 3.433073981732112
110.09842804642551 17.75855479146258 4.783344164894556
101.7257952312221 58.34783621069126 8.834662740506058
130.68339502889447 73.49598211871071 2.429947553865822
81.69376637066041 95.66494288516947 5.009484403912088
54.37896630204679 33.4108103890282 3.2508340308898056
50.38261587379207 55.9087280344321 4.211609504117404
