73.5544251953656 51.63345846948913 0.27704971519537247
101.28095561514513 78.25125785919813 1.1421520742937061
142.7149197789548 28.051174061145257 0.43128748851283705
91.80430298687719 59.6894922120996 0.942288554718113
87.09217803195371 2.5614746516506637 0.46035724424196867
102.18338671663486 91.3800872607648 1.155516443347122
136.93289129866858 83.5181005837539 0.375430705401057
100.16585810238765 96.97125485330103 1.1928876236179324
65.39798739817012 83.96165712739432 0.35422322481361934
81.11366707023878 34.39746511371112 0.6214109045149568
59.71665266193806 23.955845400365796 0.423788795660182
120.76961304622358 39.768155191207214 0.6299773896388436
118.10864844879848 11.023992634467694 0.439255196585376
114.91307828704568 61.13442274412964 0.8044072305154416
147.11712065748864 58.28950987493124 0.3869937269269436
78.10546311021537 54.111101813830956 0.7019260673002741
50.966804218909154 44.45551842111393 0.4211609504117404
65.75150125303273 54.710378821834496 0.5835013534602301
55.96457500905323 64.93893504312574 0.3967458737515615
88.24340806526394 44.69943853204406 0.7690572015047363
101.06781249075902 21.13902612523455 0.31854790236027525
137.12377937203797 54.93979770106828 0.5048685590776717
146.86974682332658 45.247269357104905 0.41355486025522087
97.63628445394815 24.22652852131761 0.5989791309352346
103.95126478198154 0.8740753378367883 0.4893065869329302
123.54011442731934 24.158164153740795 0.5537449860240997
133.19377951638558 13.637787795707634 0.43975988698126967
96.13796336376429 69.95045206402334 0.9659470688198933
77.07286554779418 69.50794023571505 0.33971820694310384
91.06177324796938 53.12407603929587 0.7888163473922887
102.49204786316584 46.19852371512343 0.3300950728450162
72.46314555697748 26.245057350892687 0.5221946271699863
70.74878672473848 15.611850365963376 0.4047041142797347
72.4871048902585 53.00545337941223 0.6872337173857218
64.67839696899406 38.41179529492287 0.32410384353364025
127.37330382046395 60.00976494292374 0.5679655652992565
140.88311401495278 69.84812804829983 0.37920891897990133
117.40176013824063 47.223700843109725 0.6678843402313864
108.6318814173479 34.78470117337953 0.363178513900062
108.29826412812139 70.68906343217374 0.8380898735157212
121.90385583027317 73.55422361861224 0.24603836388115716
86.31723090179585 87.3868768180446 0.5052346841974956
85.41871528778987 80.33053717484933 0.2849329477049904
116.86302589480314 54.2016613698231 0.6960949078078559
128.97850187311542 48.02165787923569 0.3401863196715806
73.3404324239577 82.05858235828642 0.4730158707383492
65.31202752327714 72.39587229993671 0.3944839315900467
102.00807591990849 18.41611270249542 0.5673017019887686
110.09842804642551 17.75855479146258 0.4029473101303519
94.49191373299452 65.35837078118307 0.9517324508526686
101.7257952312221 58.34783621069126 0.293987285993927
120.14758624483419 72.75122033277673 0.40848787972072603
130.68339502889447 73.49598211871071 0.37625910332005746
92.19704462922948 92.71133750761523 0.5366940672236609
81.69376637066041 95.66494288516947 0.2948083777094642
64.8237644406736 42.01055884342619 0.5012061511920064
54.37896630204679 33.4108103890282 0.45120968289942476
57.55790624329019 52.41984714555134 0.5145287399503773
50.38261587379207 55.9087280344321 0.3947483809460097
