91.28114854771403 63.45591156554957 0.2940896611105439
100.80478544929535 78.73108278496572 1.0617405333591146
124.46303001099017 6.588422778963898 0.42446008505358906
96.63249734735993 49.31618231988991 0.8778228156506301
60.6503648681048 21.800547188373876 0.4070244341226939
102.53468245937948 68.12504017058211 1.0396095366866094
143.1645138366714 55.3830585148841 0.3030637617932596
98.78361489154707 91.6146156612395 1.186512494184018
59.870687062908054 79.74493124228641 0.32804058077207565
84.89031484734296 30.852546594198806 0.6665410421837294
87.53276143420818 5.414659846644532 0.41464933762978884
100.07239502569878 87.6064725602108 1.110790956004863
126.23057787471923 92.4881270994032 0.3050746893307441
76.81108090440867 78.64792677266287 0.6227624173154636
55.38005985595438 50.113981854149905 0.3258864284073272
123.97097160692536 54.473332986738015 0.7138295977502119
138.68565104951924 28.926698281525365 0.34251935240988146
114.2777472242906 85.90721458063479 0.5579175052124079
132.30212612734482 73.46972906132099 0.2721672256075045
89.74686643080616 42.12507138876921 0.694377653235602
73.97296652793293 44.62763035848292 0.33816930300567394
107.21276705859691 22.236373511171735 0.6357642378451908
103.78978167880814 8.855789600557639 0.3153950140511641
59.77877631174841 52.387148477133614 0.5022975330165586
53.937046155315315 35.082119969913705 0.45163406089754476
133.7118816323199 32.210931753398526 0.49928447769107814
135.05057374697859 16.26569587758706 0.43843785640559324
88.09721971999704 87.06863038403543 0.657550650758059
78.42431352375905 94.48854053181978 0.2810836697365269
74.9025579391809 22.800068933030936 0.5078837244761035
71.74772473522046 9.974004505956602 0.3991130908286445
71.78870373490793 65.8862489661907 0.590811087042481
78.02731604929866 57.57423003202027 0.3180455570966425
131.4211450536352 43.36557700069674 0.5635556557834529
147.2946482258637 38.76011712385849 0.37918180320662076
130.25619478130776 76.0592991206791 0.4461333017952648
145.76481846893375 69.33947712434676 0.4094327282327128
126.53499387842999 48.74811886910669 0.6497294533620809
119.14552416686118 35.96623838839474 0.3082137183629386
112.16300531026558 60.59811994722993 0.7647002293174353
110.86893369562141 48.16142317610685 0.29918903929551294
122.9286986429881 39.0310548662076 0.45676971164514063
122.03274972977178 24.66243025742527 0.4041664560689048
65.16252100582756 61.38541038188561 0.5583368259915376
52.83051419289355 65.96311465499298 0.3617121337708571
79.33818500205754 28.08999533816594 0.565245509531267
67.10980649643746 33.23053063129922 0.36739547214290225
99.70247990978024 97.15561495433066 1.1907646075777985
111.50765416391157 98.28972671602729 0.26218553413359735
117.18994732280306 58.639141319689955 0.7491186086619045
123.83605728247635 67.09014771172923 0.28056921043125443
100.58382369893238 33.886706545828055 0.683086698710272
95.53540641035742 23.89361128491778 0.3215437319323015
101.67446895869716 74.66163476427872 1.0454666750310762
112.06854699585374 75.77329014122793 0.2672989492903357
113.39870834356346 12.185554618774972 0.51971498418114
112.52086102242325 2.465737204647156 0.3997988400322515
103.3231114357183 11.997101732617098 0.48853448787451237
96.44872161055874 2.116570912282101 0.4400670305970697
103.9278520748062 29.450055625265016 0.6584604523362466
111.42557694723311 31.73112799900317 0.30551053428398384
123.58306893315755 82.22814135055296 0.49563986338291444
133.98395741112367 86.39775587962417 0.32063099283821267
93.53575384873817 46.69359774566643 0.7098559084440444
85.87774584013366 51.294005466199685 0.28393996030720214
93.36456254411381 71.64105189841474 0.3784352984960867
83.72601048439405 69.1712424261357 0.30638718696453054
89.13463903368788 17.78013428944995 0.48704241335269194
94.50606626890232 13.945962231557418 0.3536732423182656
82.25055425413828 83.40413097373761 0.6399635294265515
73.27910903126697 86.86787450282338 0.2740023496837317
118.38424918382839 83.52971296758773 0.5256853834761004
119.21415980929653 74.63205716603834 0.28648252126664336
140.53375553650955 53.81471906855535 0.4472283468272668
148.81355230851162 50.73046291016014 0.39497009392346644
94.69837692700303 90.29601696797553 0.6693062641813
91.36388344456445 98.25321088638172 0.2494529833622632
122.01023945864594 62.065459785174184 0.3840734548927736
131.57097561579215 63.79321258914352 0.3257598117622226
