4.05072
4.05072
3.8518000000000003
3.73824
3.7347799999999998
3.67882
3.6770000000000005
3.56536
3.56422
3.5602400000000003
3.55972
1.9651779999999999
1.962806
1.501458
0.522632
0.264148
0.499096
0.434406
0.311614
0.37257199999999996
0.34856
1.4800459999999998
1.476404
1.459074
1.331982
1.25514
1.2504399999999998
1.243726
0.687786
0.5982160000000001
0.41360800000000003
0.523324
0.48099000000000003
1.1692420000000001
1.15982
0.723142
0.45679
0.291964
0.412962
0.65642
0.603526
0.453036
0.502452
0.397934
1.057322
1.040212
0.9655579999999999
0.265198
0.9588439999999999
0.535596
0.335214
0.487666
0.899546
0.83905
0.480178
0.7829619999999999
0.44403
0.73213
0.610922
0.547838
0.51577
0.608544
0.306594
0.5814119999999999
0.34615399999999996
0.537242
0.383622
0.337194
0.315232
0.28077799999999997
0.72801
0.6973039999999999
0.587404
0.521158
0.41532
0.411954
0.39393200000000006
0.514724
0.360076
0.44761799999999996
0.360352
0.905748
0.893108
0.8055279999999999
0.740514
0.346024
0.71442
0.576282
0.407158
0.49851199999999996
0.557478
0.488568
0.32449400000000006
0.43524599999999997
0.57458
0.50718
0.401128
0.40396
0.389804
0.31303400000000003
0.48202
0.233488
0.463018
0.349528
0.383864
0.28794400000000003
1.61049
1.6036380000000001
1.068092
1.061688
0.379804
0.285792
0.315632
1.045234
1.019412
0.852596
0.804242
0.752684
0.406552
0.710868
0.646162
0.47934200000000005
0.54249
0.44720000000000004
0.454306
0.463514
0.2955
0.419418
0.760362
0.6918259999999999
0.606176
0.568512
0.410776
0.485494
0.3391
0.47678600000000004
0.476924
0.33747399999999994
0.41221800000000003
0.435428
0.37686600000000003
0.307886
0.289806
0.307338
0.27929
1.426944
1.3980799999999998
1.395662
1.3289719999999998
1.236866
1.212438
1.11118
1.106468
1.087066
0.840886
0.813196
0.391012
0.781872
0.7335560000000001
0.6667480000000001
0.357244
0.630642
0.510472
0.490196
0.461552
0.279088
0.424668
0.43664000000000003
0.38445399999999996
0.8836620000000001
0.8697
0.739536
0.454834
0.6770579999999999
0.584692
0.47984400000000005
0.63277
0.459774
0.538514
0.31812
0.41217
0.259036
0.743074
0.421514
0.352214
0.314806
0.6947939999999999
0.6482640000000001
0.6348579999999999
0.42828199999999994
0.561802
0.430566
0.460252
0.25487
0.39784800000000003
0.479012
0.337238
0.41516200000000003
0.769124
0.744168
0.41465599999999997
0.262966
0.375892
0.69851
0.377896
0.6595040000000001
0.45302200000000004
0.578772
0.465382
0.4532
0.349978
0.718802
0.59744
0.38313600000000003
0.539476
0.386774
0.462836
0.540774
0.376774
0.471252
0.2419
0.556964
0.52066
0.432968
0.391444
0.31625800000000004
0.37582
0.285182
0.310334
0.301636
3.3477
3.28748
3.0619
3.05736
3.05634
3.0553000000000003
2.62794
2.6240599999999996
2.6187199999999997
2.6174999999999997
1.9668679999999998
1.9587180000000002
1.956592
1.9123200000000002
1.784886
1.77998
1.4799680000000002
1.441844
1.277732
0.883002
0.870092
0.839622
0.549098
0.44049
0.431048
0.75264
0.485708
0.356522
0.410686
0.6780700000000001
0.6269520000000001
0.426242
0.552872
0.402746
0.405762
0.309886
1.118036
1.1066639999999999
0.665248
0.57344
0.41601
0.488498
0.473026
1.0199120000000002
0.8891979999999999
0.797422
0.34132
0.776008
0.752246
0.527118
0.6536
0.53599
0.50031
0.34656600000000004
0.580878
0.483672
0.435942
0.7099719999999999
0.688438
0.62956
0.49733
0.502014
0.424986
0.316108
0.348186
0.969568
0.336756
0.9558319999999999
0.7632079999999999
0.6882199999999999
0.6501560000000001
0.540544
0.488934
0.37120800000000004
0.49129399999999995
0.754026
0.7030219999999999
0.6612220000000001
0.5818720000000001
0.400888
0.509908
0.45158200000000004
0.38789799999999997
0.43310800000000005
0.624976
0.56938
0.321952
0.532764
0.39044599999999996
1.338488
1.286688
1.148402
1.05458
0.985872
0.975842
0.8935899999999999
0.86573
0.781272
0.449334
0.7282080000000001
0.377374
0.692724
0.47525199999999995
0.608286
0.556102
0.36253199999999997
0.49910200000000005
0.401416
0.5997480000000001
0.484754
0.466954
0.30704200000000004
0.59873
0.32706999999999997
0.564248
0.448484
0.447202
0.699114
0.6676759999999999
0.47910800000000003
0.310794
0.430808
0.572528
0.498552
0.399482
0.35318000000000005
0.850708
0.817964
0.44398800000000005
0.7718039999999999
0.742256
0.696534
0.42198
0.640524
0.507656
0.509112
0.414102
0.37038000000000004
0.40894600000000003
0.6445420000000001
0.386784
0.5942999999999999
0.4956
0.44508800000000004
0.36029
1.09334
1.071328
0.848138
0.81198
0.26657400000000003
0.802288
0.7694860000000001
0.431782
0.7212019999999999
0.527324
0.43408599999999997
0.40174
0.611346
0.48362000000000005
0.48682000000000003
0.393192
0.421244
0.85248
0.541652
0.436154
0.42347799999999997
0.7722800000000001
0.687912
0.622066
0.429072
0.544826
0.439368
0.513076
0.410188
0.40422399999999997
0.42609800000000003
0.792132
0.7329760000000001
0.6827719999999999
0.331032
0.65578
0.585798
0.43034000000000006
0.495052
0.432666
0.422652
0.469132
0.32442400000000005
0.410362
0.290188
0.455006
0.31518999999999997
0.39766799999999997
2.17748
2.15142
2.14902
2.09188
2.06724
2.06122
2.05448
2.0272200000000002
1.96712
1.6264480000000001
1.515406
0.8941359999999999
0.865712
0.848946
0.809736
0.75491
0.60245
0.371424
0.551144
0.595858
0.512102
0.42590799999999995
0.465248
0.43253600000000003
0.34805200000000003
0.338422
0.333134
0.404184
1.4036000000000002
1.397922
0.665052
0.607588
0.37245599999999995
0.55681
0.44428799999999996
0.43956799999999996
0.41182799999999997
1.345832
1.023618
0.999936
0.33395
0.987364
0.8775040000000001
0.832556
0.501432
0.33740600000000004
0.444232
0.766882
0.6956
0.350568
0.664554
0.545256
0.50837
0.485496
0.461992
0.659524
0.532906
0.5136700000000001
0.41741399999999995
1.109318
1.101636
1.047132
0.8790140000000001
0.843744
0.805616
0.36614399999999997
0.779572
0.696642
0.572638
0.531696
0.51386
0.42691199999999996
0.42821600000000004
0.776934
0.6933060000000001
0.37748
0.653798
0.513908
0.573662
0.41409
0.490182
0.304256
0.322124
0.936916
0.920574
0.271016
0.912678
0.890726
0.828686
0.64979
0.339334
0.61735
0.526676
0.44679599999999997
0.665478
0.5946739999999999
0.39283999999999997
0.530946
0.438672
0.51629
0.34904999999999997
0.456438
0.37692200000000003
0.34839000000000003
1.490216
1.4828640000000002
1.47814
1.464676
1.455504
1.4520739999999999
1.405586
1.37139
1.280608
0.9150579999999999
0.397618
0.8893139999999999
0.8641260000000001
0.38235600000000003
0.838416
0.671578
0.475892
0.580002
0.65921
0.471358
0.566434
0.387278
1.100808
0.999172
0.80777
0.7641960000000001
0.6656420000000001
0.532532
0.52404
0.532926
0.43227799999999994
0.777746
0.619986
0.400594
0.558306
0.6145860000000001
0.409146
0.546978
0.695492
0.641064
0.45908
0.550358
0.417864
0.7824580000000001
0.72387
0.628814
0.476926
0.5194420000000001
0.50744
0.463774
0.582638
0.41276199999999996
0.503264
0.657894
0.573638
0.410834
0.492446
0.45787
0.27909799999999996
0.38855399999999995
0.443884
0.31432799999999994
0.365286
0.8959300000000001
0.8004659999999999
0.529272
0.34681999999999996
0.474076
0.7144159999999999
0.6936680000000001
0.34960600000000003
0.662706
0.5547
0.416028
0.462092
0.493748
0.313646
0.5908420000000001
0.508132
0.273324
0.480272
0.42183
0.698352
0.35059399999999996
0.6675599999999999
0.6378440000000001
0.38929400000000003
0.585296
0.46604399999999996
0.463048
0.336156
0.44076400000000004
0.329652
0.36792400000000003
0.425658
0.293188
0.37306
0.683798
0.48610800000000004
0.38016
0.39132599999999995
0.589504
0.344678
0.547274
0.41448199999999996
0.45259
0.91686
0.8572820000000001
0.36968
0.8337260000000001
0.516136
0.37512999999999996
0.439176
0.761756
0.45424
0.277512
0.416694
0.7035859999999999
0.6464300000000001
0.48027800000000004
0.34566399999999997
0.41111000000000003
0.542136
0.427586
0.5201100000000001
0.386702
0.435978
0.32166
0.715524
0.6895479999999999
0.268264
0.6757380000000001
0.352846
0.6420159999999999
0.5667599999999999
0.457184
0.44224399999999997
0.435462
0.337564
0.29215800000000003
0.479028
0.359406
0.39895
0.43185599999999996
0.30505
0.373622
2.1808199999999998
2.1788
2.17576
2.12084
2.09332
2.0843
1.905386
1.9030639999999999
1.8991859999999998
1.8914739999999999
1.850152
1.842126
1.459966
1.425122
1.130886
0.6420199999999999
0.506468
0.343912
0.44687200000000005
0.51264
1.057216
0.94841
0.7010919999999999
0.641444
0.376734
0.59482
0.322684
0.561312
0.432112
0.798156
0.708102
0.595862
0.497304
0.445758
0.5235259999999999
0.535334
0.31559
0.495948
0.690052
0.6013999999999999
0.351108
0.5585260000000001
0.480688
1.1313520000000001
1.121206
1.102702
1.084334
1.065932
1.050692
0.307904
1.0418020000000001
0.586058
0.400282
0.515708
0.975902
0.781978
0.762674
0.68729
0.50532
0.580504
0.49183
0.32568199999999997
0.767026
0.5739879999999999
0.6400079999999999
0.37135799999999997
0.399614
0.40390000000000004
0.40944
0.33799599999999996
0.6014200000000001
0.304796
0.574104
0.381844
0.511146
1.46422
1.461008
0.920526
0.914394
0.844792
0.835242
0.498916
0.370172
0.41881799999999997
0.771104
0.7111259999999999
0.556906
0.385396
0.486966
0.571742
0.46242400000000006
0.27242
0.544728
0.37032000000000004
0.480376
0.24922799999999998
1.327344
1.175028
1.055428
0.937186
0.923392
0.6792199999999999
0.372578
0.6395839999999999
0.49737000000000003
0.517506
0.779688
0.739882
0.688798
0.609344
0.465004
0.42769599999999997
0.41005600000000003
0.32962800000000003
0.706418
0.619028
0.403836
0.555426
0.486738
0.76442
0.7306020000000001
0.71343
0.395566
0.670346
0.5848960000000001
0.499912
0.42202000000000006
0.46590600000000004
0.299472
0.38417199999999996
0.8947080000000001
0.8798499999999999
0.7931920000000001
0.360694
0.767506
0.718376
0.589546
0.39152600000000004
0.5252239999999999
0.549388
0.433358
0.566796
0.39351400000000003
0.49481400000000003
0.327386
0.274188
0.434564
0.40210599999999996
0.257378
0.7570520000000001
0.735696
0.70244
0.33104799999999995
0.677022
0.610588
0.46078
0.506326
0.43565
0.372274
0.329258
0.43641399999999997
0.313786
0.373782
0.347746
0.293386
1.288146
1.256982
1.23505
1.227048
1.05609
1.045272
1.021244
0.952108
0.934916
0.8868900000000001
0.827644
0.60424
0.532902
0.410706
0.7022499999999999
0.574206
0.5394639999999999
0.5074540000000001
0.45516
0.33134600000000003
0.492658
0.35809199999999997
0.586746
0.473922
0.45717800000000003
0.42535999999999996
0.32967
0.874868
0.28422200000000003
0.864752
0.818478
0.708248
0.362194
0.67515
0.36904800000000004
0.6361899999999999
0.42657599999999996
0.5644819999999999
0.577936
0.417158
0.493848
0.461596
0.331352
0.467466
0.353704
0.386872
0.53299
0.32984600000000003
0.487032
0.490602
0.242532
0.46999199999999997
0.313218
0.418104
0.71561
0.691352
0.31731200000000004
0.6683119999999999
0.61013
0.368104
0.561728
0.486682
0.39573200000000003
0.414798
0.330252
0.912694
0.898018
0.883796
0.857164
0.742814
0.323128
0.721846
0.6563720000000001
0.428146
0.588964
0.50012
0.42946199999999995
0.45362199999999997
0.60361
0.389284
0.543934
0.341408
0.494794
0.39266599999999996
0.32352800000000004
0.330474
0.35150800000000004
0.30632
0.307108
0.305606
0.503572
0.358468
0.43380399999999997
0.29881800000000003
0.38018799999999997
1.89673
1.8727840000000002
1.8714339999999998
1.8493000000000002
1.846922
1.843658
1.8024499999999999
1.440876
0.849644
0.729954
0.602074
0.551296
0.37009800000000004
0.55472
0.523936
0.29952
0.60769
0.401034
0.542786
1.334778
0.698836
0.64525
0.530216
0.43275
0.4082
0.49268
0.41725199999999996
1.2676
1.261582
1.2541840000000002
1.108536
1.050384
1.01395
1.0029219999999999
0.981186
0.51776
0.434094
0.384846
0.9305620000000001
0.7909660000000001
0.74334
0.587522
0.400858
0.517252
0.592434
0.474598
0.46575
0.438152
0.677492
0.635076
0.471376
0.53298
0.379894
0.400372
0.32283399999999995
0.488334
0.3194
0.437724
0.5880380000000001
0.44038599999999994
0.490386
0.84836
0.312276
0.8340160000000001
0.730168
0.64882
0.462896
0.558218
0.48791399999999996
0.575736
0.46297199999999994
0.45079
0.32746600000000003
0.306784
1.420186
1.3332659999999998
1.280452
1.187694
0.7454040000000001
0.331648
0.722844
0.703514
0.54115
0.472534
0.375536
0.574608
0.508414
0.38776199999999994
0.308972
1.080428
0.9737659999999999
0.957594
0.9371079999999999
0.85473
0.7663359999999999
0.7259680000000001
0.390896
0.6860339999999999
0.540856
0.548108
0.407042
0.55869
0.44008400000000003
0.446732
0.583346
0.413408
0.5037780000000001
0.380662
0.356338
0.69649
0.6720139999999999
0.6430420000000001
0.384096
0.593668
0.43802800000000003
0.500254
0.33497
0.325168
0.751254
0.726058
0.329834
0.70262
0.61092
0.465428
0.5029
0.49167000000000005
0.34551400000000004
0.646838
0.5356339999999999
0.32167
0.493778
0.44611
0.31618399999999997
0.48904400000000003
0.37613
0.399474
0.790726
0.7005
0.591338
0.466624
0.398782
0.336738
0.47203799999999996
0.5154559999999999
0.32146800000000003
0.46986399999999995
0.532114
0.310128
0.494388
0.428118
0.34862200000000004
0.7434240000000001
0.72262
0.695938
0.6702779999999999
0.604538
0.46789
0.33047600000000005
0.404812
0.49119
0.431244
0.32997
0.34277599999999997
0.322478
0.321904
0.2899
0.61252
0.591824
0.464532
0.325948
0.403332
0.474816
0.340606
0.40722800000000003
0.282382
0.242202
0.63428
0.619144
0.301496
0.594332
0.38778399999999996
0.533238
0.41516400000000003
0.431
0.261282
1.257536
1.2308139999999999
1.220632
1.2108240000000001
0.492774
0.24387599999999998
0.472
0.353978
0.39322
1.182984
1.176882
1.162056
0.298304
1.155466
1.111984
0.944556
0.333404
0.9305019999999999
0.33713800000000005
0.9155099999999999
0.879606
0.841432
0.8160080000000001
0.768002
0.37577
0.7367619999999999
0.519702
0.63789
0.448748
0.374174
0.439364
0.442738
0.810414
0.7332320000000001
0.601558
0.32588
0.5678219999999999
0.447816
0.45351
0.56096
0.428588
0.46072
0.51683
0.435864
0.380864
0.5514399999999999
0.507864
0.373842
0.42862
0.33230000000000004
0.39328599999999997
0.294288
0.351652
0.35802599999999996
0.253224
0.30952799999999997
0.498796
0.28123200000000004
0.467014
0.26842
0.53296
0.486586
0.364958
0.40533800000000003
0.33073400000000003
0.352096
1.6376979999999999
0.286146
1.6347800000000001
1.628908
1.626516
1.2903700000000002
1.283352
1.2134200000000002
1.206482
0.7850619999999999
0.738796
0.526394
0.31299599999999994
0.48657
0.6361079999999999
0.58448
0.484348
0.33648
0.42270599999999997
0.44147400000000003
0.38647
0.431968
1.083586
1.029698
0.9960979999999999
0.8101740000000001
0.7979400000000001
0.385628
0.766712
0.501466
0.426184
0.36516800000000005
0.687258
0.38092800000000004
0.6457980000000001
0.5454640000000001
0.42491
0.440674
0.474804
0.287344
0.770014
0.7276100000000001
0.684566
0.33932799999999996
0.655564
0.33246400000000004
0.6257219999999999
0.48921800000000004
0.50384
0.40083199999999997
0.41476
0.469404
0.272082
0.43670800000000004
0.315926
0.372662
0.56518
0.48009799999999997
0.36855400000000005
0.39278199999999996
0.411886
0.312344
0.688974
0.6756800000000001
0.64587
0.573716
0.305298
0.543316
0.360916
0.483986
0.431934
0.33928
0.264806
0.32666599999999996
1.2915640000000002
1.098224
1.079844
1.0667119999999999
1.022158
0.5256460000000001
0.47287799999999997
0.331582
0.41072200000000003
0.340554
0.973546
0.9258900000000001
0.844964
0.423562
0.807882
0.7768160000000001
0.609466
0.434434
0.524626
0.623494
0.545258
0.431374
0.388236
0.575362
0.437164
0.47463
0.505248
0.430672
0.366174
0.526358
0.4562
0.370564
0.356688
0.402892
0.939758
0.498034
0.433562
0.356152
0.33117800000000003
0.347692
0.890608
0.859892
0.8349620000000001
0.7644620000000001
0.602034
0.43414800000000003
0.514728
0.6113999999999999
0.48472800000000005
0.48580999999999996
0.513434
0.36543600000000004
0.442334
0.37731000000000003
0.413296
0.26684599999999997
0.360688
0.41976
0.368234
0.288572
1.3212960000000002
1.316178
1.311706
1.097432
1.085714
0.9207759999999999
0.9103060000000001
0.27816799999999997
0.901564
0.8791599999999999
0.8444659999999999
0.829458
0.597882
0.39976200000000006
0.531134
0.709362
0.569538
0.445322
0.45857000000000003
0.556348
0.428252
0.454136
0.31596199999999997
0.426012
0.376294
0.297508
0.79325
0.7449680000000001
0.709028
0.66625
0.290122
0.647384
0.43619600000000003
0.573198
0.467012
0.442208
0.39300599999999997
0.384846
0.44089999999999996
0.331182
0.366882
0.34729000000000004
0.9779100000000001
0.968942
0.8544019999999999
0.7220139999999999
0.7043699999999999
0.6727320000000001
0.624246
0.35426399999999997
0.583628
0.475004
0.450816
0.39408
0.355704
0.29973
0.627706
0.320318
0.59857
0.51084
0.37517799999999996
0.43178
0.432944
0.658836
0.49228800000000006
0.312604
0.446068
0.550326
0.45653
0.415094
0.294308
0.285072
0.298878
0.525158
0.496698
0.449634
0.319498
0.38773
0.316276
0.28144800000000003
1.6992720000000001
1.695124
1.6915879999999999
1.6878039999999999
1.60643
1.57914
1.5708600000000001
1.250586
1.24785
0.852088
0.630406
0.288022
0.609692
0.419238
0.5347919999999999
0.43028200000000005
0.418484
0.7166939999999999
0.6696380000000001
0.580006
0.413202
0.499426
0.47200600000000004
0.40786999999999995
1.09818
1.076402
1.0326359999999999
0.335682
1.020674
0.6516
0.514416
0.398432
0.4177
0.519904
0.414126
0.41115999999999997
0.9231259999999999
0.8807959999999999
0.392914
0.8539220000000001
0.48948600000000003
0.79654
0.7442799999999999
0.634192
0.539724
0.45321599999999995
0.469254
0.5265960000000001
0.363622
0.46096400000000004
0.42587600000000003
0.27366
0.384282
0.233956
1.2429759999999999
1.2205979999999998
1.178906
1.172178
1.162536
1.1551019999999999
1.1409120000000001
0.991224
0.7615660000000001
0.5671459999999999
0.51112
0.325204
0.462816
0.365676
0.6376519999999999
0.40355399999999997
0.578446
0.530348
0.354044
0.8103899999999999
0.661622
0.630214
0.42125799999999997
0.5599259999999999
0.34004
0.6236740000000001
0.537794
0.42929
0.424376
0.44318599999999997
0.799584
0.7479040000000001
0.694358
0.43283000000000005
0.63304
0.44792
0.5471659999999999
0.43721200000000005
0.45282999999999995
0.38281200000000004
0.310538
0.340344
0.303264
0.564674
0.40287999999999996
0.32094200000000006
0.31858
0.48581199999999997
0.357314
0.41023200000000004
0.467028
0.34631
0.392208
0.394992
0.33064000000000004
0.29425799999999996
0.592214
0.5411699999999999
0.33511199999999997
0.494414
0.345026
0.430498
0.366454
0.8717320000000001
0.849514
0.830082
0.807604
0.7820199999999999
0.765026
0.686026
0.6482699999999999
0.626052
0.445902
0.39959
0.291836
0.539146
0.44652200000000003
0.407546
0.300228
0.36945
0.49983600000000006
0.34178600000000003
0.439596
0.312458
0.36466400000000004
0.35626199999999997
0.34513799999999994
0.36686
0.318812
0.312132
0.329722
2.10434
2.10236
2.1001
2.09756
2.03096
2.01538
1.1829960000000002
1.01242
0.9463739999999999
0.701102
0.643474
0.557666
0.374714
0.494356
0.45307800000000004
0.427604
0.7952720000000001
0.764788
0.532096
0.409964
0.434002
0.66695
0.43173799999999996
0.600186
0.5645399999999999
0.331044
0.381788
0.57502
0.46377
0.33706800000000003
0.39462200000000003
0.448768
0.40302200000000005
0.29208
0.851716
0.8370500000000001
0.8146180000000001
0.791866
0.708106
0.6604540000000001
0.6083879999999999
0.54121
0.48759600000000003
0.34924999999999995
0.405468
0.39770399999999995
0.406084
0.52108
0.397778
0.42826200000000003
0.353144
0.35803799999999997
0.315394
1.869172
1.853068
1.850206
1.720602
0.940804
0.895192
0.8300960000000001
0.25790199999999996
0.821714
0.739814
0.501668
0.30056
0.462768
0.65317
0.592854
0.53559
0.34726399999999996
0.481684
0.379684
0.41269599999999995
0.531228
0.37693200000000004
0.45846
0.525834
0.38395199999999996
0.446126
0.486768
0.35661400000000004
0.41209799999999996
1.6212119999999999
1.6147200000000002
1.6112000000000002
1.3479320000000001
1.2954379999999999
1.117326
0.987574
0.9578920000000001
0.7249460000000001
0.386622
0.686264
0.48073
0.5963700000000001
0.792604
0.7654139999999999
0.621162
0.481664
0.503868
0.593214
0.353452
0.548034
0.367192
0.438408
0.755782
0.585276
0.545154
0.45559799999999995
0.40705800000000003
0.33757000000000004
0.613776
0.29674
0.589726
0.44259
0.491036
0.920144
0.5158
0.37315
0.440148
0.862594
0.750282
0.44709600000000005
0.693114
0.44718
0.6244999999999999
0.603202
0.481268
0.47623
0.650402
0.627646
0.530596
0.39604599999999995
0.443546
0.460844
0.303228
1.201282
1.195822
0.633416
0.553832
0.312218
0.518558
0.471088
0.326786
0.438402
1.133378
1.117994
1.00161
0.876126
0.809082
0.391062
0.777406
0.38492
0.7445839999999999
0.47426
0.6739620000000001
0.4405
0.60428
0.522778
0.43625400000000003
0.391154
0.692662
0.642596
0.619508
0.486512
0.496788
0.30214799999999997
0.40611200000000003
0.732208
0.688004
0.611758
0.536134
0.421424
0.45902400000000004
0.405934
0.388156
0.28654999999999997
0.30170800000000003
0.370802
1.074324
1.056526
0.90279
0.860342
0.845838
0.825478
0.379642
0.797794
0.7509440000000001
0.632262
0.486886
0.515926
0.554746
0.335422
0.510424
0.43848600000000004
0.34939600000000004
0.316382
0.462588
0.400356
0.326536
0.762624
0.494282
0.390888
0.393724
0.685964
0.640692
0.584926
0.45104199999999994
0.47675599999999996
0.397634
0.39101600000000003
0.392808
0.308776
0.551062
0.49563599999999997
0.34116399999999997
0.43452999999999997
0.357224
0.576162
0.540046
0.33649199999999996
0.492424
0.33261199999999996
0.435518
0.323196
0.9477639999999999
0.9425119999999999
0.409804
0.360396
0.280256
0.9159459999999999
0.9016580000000001
0.89067
0.839828
0.707664
0.368828
0.6725540000000001
0.601422
0.337432
0.5637000000000001
0.352566
0.513366
0.442554
0.619674
0.326874
0.587738
0.409992
0.511862
0.485196
0.371138
0.398116
0.29803
0.328358
0.24146
0.322924
0.310008
0.29749000000000003
