0.0 50.0 50.0
1.68946 50.7626 49.6849
5.98278 52.8272 48.7189
8.97417 54.2408 48.0783
11.9656 55.6544 47.4378
16.2658 56.7408 46.1735
20.5661 57.8272 44.9092
22.7162 58.3704 44.5736
24.8664 58.9136 44.2379
27.0165 59.4568 43.9023
29.1667 60.0 43.5667
32.0961 63.8283 44.4556
34.6956 67.3267 45.3444
35.96 66.7756 47.2283
40.3163 69.4896 49.4814
41.0 70.0 51.0
43.4199 70.1735 50.1216
44.2099 70.9914 49.9178
45.0 72.0 50.0
46.0 71.0 48.0
46.0 69.0 51.0
36.6288 66.4088 49.0796
37.6766 66.0421 51.6889
41.6455 65.3087 59.5278
43.8173 61.3152 64.5427
44.521 59.9953 68.9487
45.0788 58.9672 72.8196
45.4215 58.4567 74.6651
49.9068 51.2284 80.2097
52.0143 48.1751 84.7876
53.0 44.0 86.0
57.0 47.0 95.0
60.0 43.0 79.0
46.0814 58.8291 75.9291
46.7412 59.2208 77.3021
46.0329 60.1104 81.9756
44.4966 60.8151 82.8319
44.0 61.0 84.0
40.0 63.0 84.0
47.0646 60.5561 85.4727
49.4085 62.7512 90.2819
48.0 63.0 95.0
55.0 66.0 94.0
46.0 57.0 89.0
49.2235 60.3112 78.2825
54.0354 61.4016 79.6511
54.5177 61.7008 80.8255
55.0 62.0 82.0
58.4907 61.1185 84.9128
59.2454 62.5172 87.4143
60.0 63.0 89.0
61.0 67.0 94.0
69.1889 57.9789 92.1246
70.9917 56.11 94.2534
74.0 53.0 96.0
73.0066 56.5657 95.616
74.0 56.0 98.0
76.6429 59.364 97.6684
81.0 60.0 99.0
77.0 62.0 99.0
76.0 62.0 94.0
60.1697 62.7312 79.8559
61.0 63.0 79.0
61.5848 63.3696 80.428
63.0 63.0 81.0
69.0 68.0 83.0
48.0 67.0 80.0
50.0 57.0 74.0
44.0 61.0 76.0
46.0 58.0 70.0
46.1737 60.1134 65.0124
47.9086 58.2901 65.4822
48.5979 57.1543 65.4503
50.9703 55.177 65.4184
52.0 48.0 64.0
58.0 54.0 66.0
46.0 50.0 63.0
53.7302 57.5351 69.295
56.0 59.0 70.0
58.0 54.0 73.0
52.0 64.0 64.0
42.4126 68.1676 63.5558
42.7252 68.7535 64.4017
46.3647 72.4828 68.138
50.4162 79.3421 74.3028
51.0 81.0 77.0
53.9737 82.9054 79.4484
56.165 86.0418 80.0187
56.0 88.0 80.0
60.0 88.0 81.0
61.0 85.0 91.0
50.6836 70.9412 68.4697
52.0 70.0 67.0
57.0 69.0 71.0
41.3345 69.9597 67.4803
38.8626 72.6074 69.8382
35.0 72.0 74.0
38.0 78.0 72.0
42.0 67.0 75.0
42.0 68.0 68.0
36.1186 65.7408 53.5037
35.0 65.0 54.0
34.3472 67.022 55.3124
32.0 66.0 60.0
31.0 74.0 56.0
34.0 63.0 50.0
37.1451 70.9914 45.5719
38.475 73.1633 45.7994
38.5113 74.2107 44.602
38.4781 75.1191 43.6591
38.0262 76.3502 43.3261
38.0 79.0 42.0
34.0 77.0 45.0
41.8331 79.3394 35.5643
44.175 83.5596 29.3509
43.6184 85.1213 27.5569
42.9705 86.5917 26.0366
42.7265 88.0231 23.3626
41.0 92.0 18.0
43.9682 92.7629 16.8054
43.3633 94.2709 14.4033
44.0 99.0 10.0
45.0 99.0 5.0
49.0 96.0 15.0
35.0 96.0 27.0
44.3092 84.7458 26.2785
45.0 86.0 25.0
47.0 81.0 20.0
46.5514 85.056 28.5358
48.5096 86.5524 27.3023
50.3299 87.5432 25.888
52.8442 88.0712 23.7797
55.0 87.0 21.0
58.0 93.0 23.0
51.0 90.0 26.0
55.0 97.0 31.0
47.2829 85.6899 29.7679
50.0 85.0 31.0
48.0 90.0 35.0
41.9201 79.2942 33.9067
42.6419 79.0411 33.2361
44.0 79.0 32.0
42.0 78.0 34.0
40.0 81.0 33.0
41.0 74.0 42.0
39.8369 75.3732 46.6478
42.238 77.6926 47.3925
45.0453 80.1473 48.1372
48.6904 82.6145 47.6164
50.153 83.8481 46.6628
51.6156 85.0817 46.3757
54.6187 87.5165 49.2266
57.0203 89.2787 51.6054
60.0733 91.0408 53.9842
61.3609 91.741 53.7942
63.0366 92.0532 53.9921
66.0 97.0 54.0
64.7875 91.1088 53.84
66.0047 91.232 53.6879
68.0023 91.7185 53.8439
70.0 90.0 54.0
73.5012 93.8593 53.4436
79.0 96.0 54.0
77.0 95.0 50.0
65.8203 91.4339 52.6619
66.0 92.0 52.0
65.0 92.0 48.0
68.0 84.0 54.0
62.0 97.0 51.0
61.0492 92.0059 57.6419
64.0616 93.9893 65.033
63.7883 95.5171 68.979
69.0 97.0 72.0
60.6801 96.9158 75.4611
61.0 99.0 84.0
57.0 97.0 77.0
71.8988 92.4183 68.3776
75.0 93.0 70.0
77.0 89.0 71.0
59.0 91.0 59.0
54.0 95.0 59.0
53.0 88.0 49.0
52.8399 85.4766 45.3163
52.8305 86.6488 44.2683
53.0 88.0 40.0
51.0 88.0 46.0
55.8112 85.8009 44.7372
57.0301 86.4172 44.1582
58.3869 87.2086 43.1256
67.0 88.0 43.0
58.7399 90.0578 38.5628
60.0 92.0 34.0
56.0 95.0 35.0
57.0 86.0 43.0
62.0 81.0 47.0
51.2093 82.8296 42.1706
50.0 82.0 39.0
56.0 81.0 36.0
49.5304 82.4061 48.2374
50.8452 82.6726 49.8082
51.9226 83.6309 51.4932
53.0 84.0 52.0
53.0 86.0 56.0
60.1512 78.9526 60.5164
63.0 78.0 62.0
60.7009 77.6326 61.1962
64.0 77.0 66.0
59.871 75.0781 61.5334
61.0 71.0 61.0
57.0 73.0 63.0
52.0 77.0 45.0
44.1165 87.2242 55.5686
44.9946 89.0393 59.2843
46.0 92.0 63.0
43.82 86.7128 63.9171
42.0 86.0 65.0
45.0 85.0 68.0
40.7325 91.4379 55.4631
39.0 94.0 58.0
35.0 98.0 51.0
41.0 79.0 48.0
38.3414 76.961 49.3287
35.7184 79.9582 52.0096
29.0 89.0 57.0
36.0 78.0 60.0
39.0 76.0 54.0
39.0107 71.0686 44.6624
41.0 73.0 44.0
42.0 69.0 43.0
37.0 66.0 42.0
32.5772 58.0309 40.2152
34.2503 56.7133 38.8183
40.7846 55.07 36.4442
42.3872 54.6592 35.8506
44.0517 54.2483 35.2571
47.3189 53.4267 34.07
49.4049 54.2722 34.717
52.4368 55.433 35.6793
55.7269 56.8676 36.5558
59.1364 58.3021 37.4324
62.5361 60.102 36.5609
66.3101 61.9018 35.6893
69.2229 63.1775 35.1084
72.526 65.6151 32.2357
74.1327 66.8789 31.64
75.8292 68.0528 31.0442
78.3348 68.5817 27.6384
80.6672 69.4321 24.2325
82.6343 71.2215 21.5221
85.1674 72.2162 20.1494
89.9341 73.2109 17.1016
91.3982 73.7415 15.5988
95.2948 71.5317 14.0863
99.0 72.0 12.0
97.0 68.0 14.0
93.844 76.4997 11.4938
94.336 78.4382 11.419
95.0 79.0 11.0
94.0 80.0 12.0
94.383 76.8185 9.54407
94.922 77.1374 8.74688
96.0 77.0 6.0
98.0 81.0 2.0
94.0 76.0 7.0
96.0 73.0 20.0
86.0 75.0 21.0
82.511 74.3245 18.1239
82.923 78.4981 15.2611
81.6956 78.9369 12.7086
79.6364 80.7469 12.7304
77.0 84.0 9.0
72.0 86.0 18.0
80.0 74.0 2.0
83.7223 80.8063 14.0739
85.8147 83.1145 11.5935
88.016 84.9695 10.6874
90.0 86.0 10.0
89.2313 86.4756 10.8226
91.008 89.3293 10.6209
94.0 95.0 4.0
93.588 92.7487 11.798
96.0 96.0 16.0
96.0 96.0 10.0
91.0 86.0 12.0
83.6566 87.0588 5.54146
82.0 90.0 3.0
83.0 88.0 3.0
83.9668 83.0042 16.2253
83.8909 86.1634 18.5369
81.2637 90.8658 20.9389
80.0 95.0 23.0
78.0 94.0 23.0
87.0 88.0 22.0
85.0 83.0 18.0
80.0 74.0 14.0
83.8336 65.8938 20.294
87.0 64.0 18.0
85.9147 63.0641 17.3568
87.7038 61.2561 13.3978
89.9168 57.4469 11.4732
90.5747 53.2235 7.13388
96.0 49.0 2.0
87.0 50.0 4.0
88.0 57.0 14.0
89.0 63.0 0.0
86.9887 61.3283 17.3787
86.7545 60.1891 17.5335
86.6697 58.0041 17.3896
87.3184 56.6153 17.4006
90.0 54.0 20.0
86.0 45.0 15.0
80.0 53.0 16.0
84.0 59.0 22.0
96.0 61.0 18.0
86.4528 63.2686 27.1451
88.0197 60.841 27.1703
89.0 59.0 27.0
97.0 48.0 28.0
92.0 62.0 26.0
80.5138 73.6503 33.9461
84.6684 77.6579 36.8479
86.0519 78.3422 37.2788
86.9183 79.0264 37.7097
91.5248 85.7654 41.444
92.9591 88.426 43.3657
93.1964 88.7409 44.4641
93.764 89.3391 45.5624
94.1422 89.8254 46.4787
99.0 90.0 50.0
93.0711 93.7089 50.6763
92.0 94.0 52.0
92.704 94.8381 51.8381
94.0 98.0 53.0
87.0 98.0 59.0
94.0376 89.0472 48.7146
94.0 90.0 50.0
95.0 87.0 54.0
91.0 87.0 48.0
92.513 93.4713 44.3911
94.0 99.0 43.0
90.0 96.0 48.0
93.0 87.0 41.0
87.5649 80.0132 37.0664
87.0 81.0 34.0
92.3417 85.0948 36.4154
93.0 91.0 37.0
98.0 86.0 35.0
87.3649 77.552 37.8146
88.4205 77.2765 38.3503
90.7126 75.301 36.8379
92.0 75.0 37.0
93.0 72.0 34.0
93.3611 75.1383 43.6752
99.0 73.0 49.0
91.0 75.0 46.0
88.0 73.0 38.0
84.4495 78.5315 38.0837
84.4284 79.4051 38.924
82.0 91.0 41.0
86.6863 80.0716 44.2589
87.597 82.0854 49.7862
86.9141 82.5036 51.24
87.0 81.0 55.0
82.5426 85.5071 54.5029
82.0 88.0 57.0
79.0 86.0 55.0
90.0 85.0 52.0
90.0 78.0 46.0
78.0 76.0 44.0
78.772 79.877 31.973
79.0 86.0 30.0
73.9238 87.5548 28.5243
70.0 94.0 26.0
71.0 91.0 26.0
71.0 74.0 29.0
69.0506 63.7973 23.0984
69.0442 63.7138 20.899
69.9607 62.144 18.7865
70.8773 60.5741 16.239
71.0 60.0 15.0
71.6779 59.6053 14.1594
72.9387 59.5569 11.6195
75.0 55.0 7.0
73.534 60.4455 10.2206
74.8578 61.3342 9.55017
75.0 64.0 6.0
78.0 62.0 9.0
72.767 60.1428 2.68027
72.0 62.0 0.0
73.0 58.0 0.0
71.0 54.0 14.0
73.0 54.0 24.0
65.0744 64.8569 13.9495
61.5372 65.7924 11.1506
58.0 66.0 7.0
58.0 69.0 12.0
65.2588 66.5072 6.46744
65.4432 67.5638 4.92199
67.8965 69.114 2.79314
68.0 71.0 1.0
74.0 70.0 0.0
63.0 67.0 1.0
64.5061 65.8769 5.25317
65.0 64.0 3.0
62.0 66.0 4.0
58.0 58.0 20.0
73.2351 61.213 37.3033
77.9968 63.9689 41.8933
80.9984 63.4845 43.6323
84.0 63.0 44.0
86.3756 64.2311 50.4513
89.2819 63.7422 52.3284
91.0 64.0 53.0
91.0 63.0 55.0
86.0 66.0 54.0
80.0 71.0 49.0
74.155 57.1815 36.2266
76.0 55.0 37.0
73.0 51.0 32.0
68.0 65.0 34.0
61.0448 64.5676 35.4539
61.0 68.0 36.0
57.0 71.0 31.0
63.448 57.6233 43.1921
64.6139 57.2838 45.0821
66.3498 56.9444 47.5421
68.5801 56.9061 49.8715
70.8103 56.8679 52.7082
72.0307 56.8137 54.2102
73.2511 56.7595 55.7122
75.6918 56.6511 58.7162
79.6346 56.3017 62.4999
81.4679 54.28 63.7018
83.5773 51.9823 66.2836
85.8221 52.7655 69.2616
86.6031 53.7106 70.4271
87.4782 55.3147 72.5339
87.5856 54.8697 73.9822
88.5295 54.4247 76.267
90.0184 54.7123 78.8798
93.0 55.0 80.0
96.0 57.0 93.0
85.9777 50.4253 79.6244
84.0 47.0 87.0
84.0 47.0 79.0
78.0 53.0 80.0
88.3064 57.0628 73.0779
88.0 59.0 74.0
90.0 58.0 73.0
90.0 54.0 69.0
92.0 48.0 73.0
83.846 48.4214 67.2216
84.135 44.8605 67.7725
85.8513 42.2115 66.8352
87.5675 40.4124 66.7478
91.0 39.0 68.0
88.6383 34.8152 65.1648
90.0 33.0 63.0
88.0 32.0 66.0
84.0 38.0 61.0
83.483 40.8457 71.1978
81.2379 37.5618 70.7911
79.3906 33.7211 69.748
78.0 32.0 71.0
79.1243 30.5749 69.16
76.7901 29.5249 67.6861
75.5762 29.0351 67.3323
75.4862 27.3241 66.5671
75.0 27.0 66.0
76.0 25.0 66.0
73.2881 29.0175 66.685
72.1441 29.2586 66.0926
71.0 29.0 66.0
71.0898 30.4545 64.3716
67.0 31.0 62.0
72.0 33.0 62.0
69.0 31.0 69.0
78.0 27.0 62.0
81.0621 23.2874 70.1997
83.0 16.0 70.0
81.0 18.0 74.0
75.0 38.0 75.0
84.3978 38.5692 73.2323
85.1899 36.3388 75.4048
86.3678 35.0053 76.9673
86.8804 34.2558 79.7846
87.393 32.7422 82.6019
88.3392 31.3473 87.6049
88.0 30.0 89.0
89.1241 31.0142 91.4617
89.237 30.0091 93.3025
92.0 29.0 99.0
87.0 28.0 97.0
90.0 35.0 95.0
89.0 29.0 86.0
90.0 38.0 84.0
90.1729 27.5576 75.5166
90.77 26.4829 76.0542
93.0 25.0 77.0
99.0 4.0 85.0
93.0 19.0 70.0
83.0949 32.6694 77.8913
81.0 29.0 79.0
80.0 29.0 85.0
86.0 37.0 73.0
83.0 46.0 70.0
83.0872 52.4312 61.6734
84.7064 51.1675 60.2301
86.0 50.0 60.0
85.8968 50.3997 59.046
86.8433 49.8756 57.862
87.4852 48.5838 56.615
88.2426 48.2261 54.8075
89.0 46.0 53.0
90.6213 49.8543 46.9038
93.0 49.0 39.0
91.0 53.0 44.0
88.1889 47.2957 55.9253
89.8865 46.0077 55.2356
94.0 46.0 53.0
96.0 32.0 52.0
85.0 41.0 51.0
89.3636 50.9378 56.7954
92.0 52.0 56.0
91.0 56.0 50.0
90.0 47.0 62.0
81.0 51.0 57.0
80.2461 58.2881 63.6778
80.8892 60.5266 65.2024
81.8734 63.9399 67.6345
82.108 65.3395 68.3735
82.3426 66.7391 69.2557
82.6639 70.1299 71.3208
83.4037 71.4757 72.9523
84.5276 73.2055 74.3918
86.3912 76.2812 75.9542
92.1643 80.755 75.3626
96.0 82.0 78.0
94.142 81.9331 73.5574
96.071 86.7472 71.9226
98.0 88.0 71.0
96.2639 91.102 72.0045
97.6634 96.5312 69.9708
98.0 97.0 69.0
98.0 99.0 70.0
95.3196 92.0825 72.409
95.0 94.0 75.0
90.0 96.0 71.0
96.0 80.0 71.0
83.993 81.1641 78.6041
83.2205 85.6406 80.5767
84.2897 88.7992 83.0685
83.6046 90.3785 84.4981
83.8384 91.9578 85.5602
82.0 95.0 93.0
87.0 99.0 86.0
75.0 92.0 89.0
89.0 90.0 84.0
81.5144 90.1765 78.3363
79.9067 91.5369 78.4159
78.0 92.0 77.0
74.0 98.0 81.0
82.8554 94.5837 76.2709
83.0 96.0 76.0
85.0 98.0 74.0
80.1323 82.6074 82.514
74.299 82.6992 84.8615
72.0 85.0 85.0
69.0 80.0 88.0
80.0 83.0 87.0
87.7638 70.5611 84.6959
89.3327 69.7577 87.6518
89.3819 68.9542 89.8479
91.0 68.0 95.0
92.0 63.0 94.0
98.0 69.0 90.0
91.0 64.0 88.0
80.1824 71.7963 81.593
78.0 69.0 84.0
79.0 76.0 90.0
77.3243 76.5726 70.3932
74.5547 78.7863 71.5321
74.0 81.0 74.0
68.0 81.0 71.0
73.0 81.0 65.0
84.0 68.0 69.0
84.0 70.0 62.0
95.0 65.0 73.0
82.0 64.0 64.0
83.0 62.0 58.0
72.9879 53.9 63.586
70.893 51.149 66.6287
68.6008 51.5745 69.3589
68.0 52.0 72.0
61.0 53.0 75.0
69.457 48.319 67.7273
68.9349 46.7074 68.8259
69.0 44.0 69.0
67.4896 45.5638 69.8694
66.9675 45.3431 70.913
65.0 43.0 73.0
62.0 47.0 73.0
63.0 38.0 69.0
68.0 47.0 67.0
71.8235 55.5468 68.9394
71.1764 56.6763 70.1544
71.0 57.0 71.0
69.0 60.0 78.0
74.0 53.0 75.0
75.4774 64.1436 56.8561
73.0 68.0 58.0
76.616 65.8617 57.5309
77.7546 69.0479 57.9122
82.0 71.0 57.0
79.6058 75.1763 59.168
78.0 79.0 61.0
83.0 78.0 59.0
79.0 66.0 60.0
72.3305 53.4068 55.1051
72.0 50.0 56.0
75.0 49.0 57.0
72.1858 57.9135 51.8746
72.0 60.0 50.0
79.0 60.0 50.0
72.4511 52.8957 48.2686
74.9745 50.2329 48.9119
76.0 46.0 46.0
80.0 48.0 51.0
74.7576 51.9478 46.1664
75.0 51.0 42.0
80.6356 50.4739 43.9639
85.0 49.0 43.0
86.0 51.0 40.0
63.8607 54.2412 50.0678
61.847 49.1607 52.9104
58.0 44.0 55.0
60.1514 43.4426 56.2273
57.4543 41.6606 58.3333
57.0 41.0 61.0
53.0 39.0 59.0
60.1279 40.6786 55.4423
60.9697 39.6451 55.5226
61.0 39.0 56.0
62.0 36.0 54.0
59.2021 39.7422 54.6536
57.5223 37.2977 54.242
57.1601 35.9416 52.5148
57.0 36.0 52.0
57.0 35.0 52.0
50.0 30.0 55.0
58.0 40.0 49.0
58.9442 58.6759 53.0754
53.0 59.0 53.0
57.0 66.0 59.0
62.0 52.0 45.0
66.656 63.4662 45.0207
69.3687 66.5853 46.354
69.0 68.0 47.0
70.5946 69.3375 47.7218
74.0 71.0 48.0
70.6018 73.9733 51.2519
70.3182 75.3488 51.1346
72.0 80.0 52.0
67.0 78.0 50.0
69.0 75.0 56.0
64.0 68.0 45.0
54.0 61.0 36.0
51.7184 51.3668 41.3396
51.0 49.0 47.0
53.0 44.0 47.0
49.2621 57.1361 30.8196
48.0 60.0 30.0
51.0 59.0 24.0
49.8492 50.6816 32.3236
51.1143 49.3091 31.3764
52.3794 47.9366 30.4292
56.259 41.9337 30.0862
57.939 40.0336 29.9148
59.4043 38.1335 29.7433
60.9458 36.5186 29.5326
62.8871 34.5039 29.3218
64.1755 33.5103 29.0176
65.464 32.5166 28.7133
67.3755 30.8998 28.409
69.2871 29.2831 28.1047
70.9095 20.9077 28.439
72.5319 17.5578 28.7732
70.5372 9.41451 20.9291
72.2785 7.41918 20.4645
72.2649 5.20959 20.3859
72.0 3.0 20.0
75.0 0.0 23.0
86.0 0.0 18.0
69.447 8.72738 18.674
67.4514 7.81387 16.6453
67.5187 6.06527 12.3944
67.1119 6.21322 10.9884
67.0 5.0 9.0
66.034 6.10661 9.99419
66.0 6.0 9.0
61.0 3.0 3.0
69.0 2.0 10.0
66.1351 8.10566 16.2974
62.5066 7.35112 16.1468
60.7257 7.52035 15.0724
54.0 6.0 12.0
57.0 10.0 17.0
54.0 3.0 23.0
65.1445 9.42592 16.191
65.0 11.0 16.0
58.0 16.0 16.0
71.3463 9.4359 14.337
73.5084 8.38263 11.1625
75.0 8.0 10.0
79.0 4.0 1.0
71.0 15.0 6.0
73.3743 14.9262 30.5133
74.2167 13.0964 31.8524
75.9016 8.63508 34.1154
76.7313 8.40148 35.0865
77.9959 7.96046 35.7212
78.9624 7.81754 36.0577
80.0 7.0 38.0
84.9985 7.46555 39.0885
88.483 4.5619 39.5676
91.0 4.0 42.0
97.0 0.0 41.0
89.2953 8.26566 45.9258
92.7332 11.7184 48.4629
94.754 13.9625 48.6505
95.3666 15.2677 48.3686
98.0 17.0 51.0
98.0 21.0 45.0
99.0 14.0 50.0
92.0 11.0 49.0
91.8391 3.51572 61.7083
95.0 0.0 67.0
89.0 1.0 72.0
80.0 6.0 40.0
75.0 9.0 42.0
75.0 1.0 35.0
75.0 15.0 41.0
71.0 11.0 31.0
68.3505 18.4538 28.7195
67.0 16.0 29.0
57.2546 10.2904 31.3439
56.0 10.0 32.0
54.0 7.0 31.0
72.608 28.5142 27.5937
74.4114 28.2123 27.1993
79.5357 27.1415 28.2686
85.1994 28.2077 29.7028
87.9525 27.6828 29.292
89.2494 27.7567 28.9272
90.5462 26.9984 28.5624
93.0 25.0 29.0
95.0 28.0 26.0
91.8136 32.8783 25.9636
95.4379 36.707 23.8939
96.4085 37.2184 23.8146
97.0 38.0 23.0
99.0 39.0 23.0
99.0 44.0 21.0
90.0 38.0 22.0
89.0 28.0 30.0
88.0645 31.0687 33.7107
90.0 33.0 34.0
90.0 33.0 41.0
80.0 27.0 27.0
77.2185 26.3752 22.3064
78.8048 26.9796 16.5997
80.9548 26.3411 13.37
84.1421 22.0719 9.62169
85.3099 20.9054 8.44144
87.1549 21.7084 8.73216
89.0 21.0 6.0
95.4584 26.2947 9.88593
98.0 28.0 12.0
99.0 28.0 8.0
86.3159 17.7757 8.28239
87.646 15.6181 7.79934
90.3492 7.7614 4.22072
95.0 2.0 0.0
90.0 5.0 5.0
90.0 13.0 11.0
84.0 14.0 10.0
84.0 20.0 8.0
82.9275 31.2205 7.56281
85.7282 33.1102 5.20289
86.0 35.0 2.0
97.0 38.0 0.0
81.0 39.0 0.0
78.1165 27.4963 14.7764
77.5255 28.013 12.6613
77.2427 30.0065 11.7507
76.0 32.0 7.0
77.6321 35.5704 12.8497
78.0214 38.3699 11.8753
76.0 43.0 12.0
80.0 40.0 12.0
77.0 39.0 18.0
77.0 27.0 11.0
73.0 31.0 16.0
82.7443 22.2016 22.1823
85.8875 19.2193 22.0582
87.6823 15.7931 20.5291
88.0 13.0 19.0
89.9441 12.9121 20.6472
90.3411 11.8958 20.7653
90.7038 10.9479 19.8827
93.0 10.0 19.0
89.0 5.0 14.0
94.0 1.0 25.0
95.0 12.0 20.0
91.0912 17.4622 24.5126
94.0 18.0 25.0
96.0 13.0 28.0
86.0 23.0 22.0
74.0 27.0 29.0
70.2851 34.4499 29.7124
74.0 38.0 32.0
70.0 35.0 29.0
64.6848 32.471 25.3391
63.3162 31.5412 19.6071
61.7755 31.7801 15.9655
62.0 33.0 13.0
58.8676 29.1376 13.3028
58.3878 28.114 12.2588
55.0 28.0 5.0
53.0 18.0 10.0
52.0 27.0 13.0
66.0 27.0 16.0
65.0 37.0 23.0
62.326 29.4231 26.7471
61.0 29.0 25.0
62.0 25.0 26.0
59.0 30.0 34.0
60.0 35.0 26.0
62.0596 28.1973 40.3075
63.9267 23.5549 46.531
64.8603 21.9869 48.8648
65.7938 20.4188 50.8716
64.906 18.8538 52.8807
64.6379 18.0127 53.8853
64.3697 17.1717 54.8898
64.6456 16.3599 55.6347
64.9216 15.5481 56.6996
65.4734 13.9245 61.4358
68.4394 8.45393 66.0402
68.123 7.57138 68.079
67.0 4.0 72.0
69.0 9.0 69.0
69.6941 6.09141 66.1556
77.0 2.0 68.0
68.0 0.0 64.0
63.8423 14.9622 64.2456
62.0 16.0 66.0
64.0 15.0 65.0
66.0 3.0 55.0
65.0 13.0 54.0
58.4202 14.491 55.3044
55.0 9.0 56.0
53.0 16.0 55.0
67.0 23.0 60.0
62.0 19.0 54.0
68.1608 19.2094 52.3178
69.0 18.0 53.0
70.2597 18.1676 52.9953
72.0487 19.1687 53.8271
73.8376 18.6047 54.6589
75.0 18.0 57.0
75.9188 19.134 54.9927
78.0 19.0 54.0
77.9594 19.2193 56.4964
80.0 21.0 58.0
85.0 16.0 62.0
74.6199 24.9103 53.1832
75.0 27.0 54.0
77.0 28.0 51.0
74.0 9.0 53.0
63.0 23.0 52.0
62.4634 23.0585 48.2655
61.0 20.0 50.0
59.0 25.0 52.0
58.6777 22.0704 39.8298
58.0 20.0 38.0
51.0 11.0 41.0
60.8251 40.302 29.7426
62.0 40.0 29.0
62.485 40.98 29.2597
65.0 42.0 31.0
70.0 44.0 23.0
54.6295 37.4808 30.0152
53.8147 34.2404 32.0495
53.0 31.0 34.0
51.9424 31.5851 33.8493
50.1816 29.3445 37.4247
49.0 30.0 41.0
49.6132 26.6947 40.2123
46.0 21.0 43.0
51.0 26.0 43.0
47.0 24.0 33.0
53.0 34.0 26.0
51.8114 47.5718 29.3468
50.8806 46.8442 27.9016
49.0067 45.3768 20.1231
49.3589 45.7968 18.2631
49.7111 46.7975 16.4031
52.0 46.0 13.0
51.4067 51.8715 10.2625
50.71 55.0316 6.99272
50.0 57.0 1.0
52.355 57.0666 4.12527
54.0 64.0 1.0
55.0 56.0 1.0
61.0 54.0 5.0
51.2198 45.1565 16.9703
54.0 39.0 12.0
57.9406 46.1898 14.8198
60.0 48.0 15.0
69.0 45.0 10.0
41.0 42.0 14.0
46.0 43.0 28.0
55.0 51.0 24.0
60.0 52.0 29.0
52.0 47.0 36.0
47.0 52.0 40.0
41.0 59.0 32.0
40.939 54.5233 37.3273
45.0 53.0 47.0
40.4493 52.7213 35.704
39.0 49.0 36.0
39.0 49.0 26.0
33.5931 54.8612 37.8336
32.9359 53.193 36.8488
28.5994 43.6282 31.8571
27.3416 41.2948 30.6599
26.0124 38.5591 29.2601
24.3801 35.5539 27.7591
21.7409 28.8567 23.931
20.9931 27.0755 24.5391
11.8531 15.4627 21.4257
9.80962 10.9466 21.8607
4.02256 5.09105 17.7612
0.0 1.0 13.0
3.0 4.0 18.0
7.72397 7.17546 24.824
5.0 0.0 28.0
8.0 8.0 25.0
6.03084 14.3357 15.0258
2.0 15.0 14.0
0.0 10.0 3.0
22.2236 26.704 25.5334
24.5423 27.8995 29.2732
30.1959 30.3776 33.2695
31.861 31.9467 38.6452
31.0 32.0 42.0
34.0 33.0 40.0
44.0 34.0 36.0
21.0 27.0 40.0
22.1139 24.465 26.0081
21.6791 19.3005 26.8079
22.2953 17.8708 27.6003
22.4181 17.099 28.2283
22.0374 16.2383 28.721
22.0437 15.2477 28.9882
21.8502 13.1143 29.3185
21.6567 11.8969 29.6487
26.298 7.29528 31.4674
28.0 4.0 31.0
28.0 7.0 33.0
20.3948 8.40163 33.551
18.0141 6.84834 34.2528
16.77 5.29505 34.9547
13.3902 2.31099 34.2755
13.0 0.0 35.0
7.0 0.0 34.0
15.1013 3.64752 41.1407
13.0 2.0 43.0
16.0 4.0 44.0
11.0 9.0 34.0
21.1682 6.04775 37.9195
23.3351 4.39065 44.3785
23.0 3.0 48.0
27.0 2.0 49.0
20.0 3.0 39.0
16.0 10.0 25.0
24.0 15.0 32.0
19.4683 18.5195 32.4109
19.0 19.0 34.0
16.0 22.0 36.0
32.8472 13.3368 37.3481
36.0 12.0 40.0
37.0 11.0 42.0
28.071 14.7943 26.8002
30.0 13.0 26.0
37.5355 7.24175 25.1112
38.6454 7.22459 25.9612
42.8227 6.15125 23.867
47.0 6.0 25.0
48.0 3.0 17.0
41.0 8.0 34.0
38.9419 4.29497 25.0668
39.0 0.0 23.0
42.0 2.0 27.0
21.0 16.0 24.0
25.0 23.0 28.0
21.4176 28.1548 22.4026
24.4645 26.3842 18.5616
26.3854 23.8211 16.4821
28.3063 22.547 14.4026
27.778 22.7735 11.7013
30.0 23.0 9.0
27.5224 23.2217 10.4107
27.5637 23.6699 9.41694
24.311 22.1466 5.93276
22.0 21.0 0.0
22.0 21.0 6.0
30.2819 28.7783 2.93499
33.0 33.0 0.0
30.0 29.0 1.0
26.0 22.0 9.0
32.0013 20.6903 12.2425
33.783 17.6007 10.4495
34.7058 16.4662 9.8699
35.5648 15.5234 9.16258
36.7415 14.6526 7.99198
38.6735 12.2669 7.49592
41.0401 7.70813 4.82669
43.0 7.0 4.0
42.2105 4.80616 5.12711
43.0 0.0 2.0
45.0 1.0 9.0
42.0 11.0 10.0
39.3708 13.3906 4.93165
42.0 11.0 3.0
40.0 15.0 1.0
34.6074 11.1742 8.90627
36.0 8.0 11.0
31.0 4.0 5.0
36.0 13.0 13.0
32.0 15.0 8.0
34.8226 21.4356 12.2972
36.5006 22.1809 12.479
38.7503 22.5369 12.2395
41.0 25.0 12.0
41.3752 21.6368 10.8303
44.0 19.0 10.0
45.0 24.0 6.0
38.0 21.0 14.0
37.0 21.0 11.0
25.3521 17.9314 15.3695
23.0698 12.0417 14.1181
23.0 10.0 15.0
23.989 7.67222 12.7104
22.2383 5.34849 10.3304
21.0 2.0 10.0
20.0 5.0 6.0
30.0 3.0 13.0
28.0 15.0 16.0
24.4455 27.8402 17.3109
24.9237 28.6331 16.0603
27.0 30.0 14.0
24.9193 31.891 13.2748
23.0 36.0 9.0
26.0 33.0 13.0
22.4961 33.3338 17.7022
20.0 35.0 17.0
23.0 37.0 19.0
18.5762 27.0448 20.1962
16.6655 26.8657 18.4552
12.4906 24.5732 17.7291
11.9134 24.0795 17.003
9.0 23.0 14.0
10.0 23.0 17.0
2.0 23.0 19.0
15.4496 27.9328 12.0459
15.0 29.0 11.0
15.0 27.0 5.0
17.5578 25.9436 20.5587
17.0 23.0 20.0
13.5809 23.7688 24.0663
10.0 21.0 25.0
13.0 24.0 26.0
16.3952 34.4872 27.7801
14.7146 33.9507 27.614
13.665 33.8918 27.428
12.6154 33.8329 27.4479
9.80644 32.6557 27.1157
8.41032 33.4205 26.4513
7.0 33.0 26.0
5.0 33.0 26.0
1.0 25.0 28.0
5.0 39.0 29.0
14.0 34.0 24.0
14.0 30.0 26.0
15.0 33.0 31.0
31.0 36.0 27.0
29.0 44.0 28.0
29.2577 43.2843 31.1012
31.5274 42.4033 27.9285
32.4017 40.7017 25.1023
35.0 39.0 24.0
31.0 38.0 18.0
31.8496 44.2303 24.2924
32.0 46.0 21.0
34.0 48.0 18.0
31.0 42.0 34.0
35.0 53.0 38.0
33.528 53.9902 38.5342
34.1847 49.8712 42.4829
35.0 46.0 44.0
36.0846 45.1049 47.8261
33.0 42.0 54.0
41.7884 41.436 49.4474
44.0 38.0 52.0
47.0 40.0 48.0
31.0 53.0 37.0
34.9749 60.388 27.539
35.9812 62.1585 25.5415
36.4843 62.9639 24.5428
36.9874 63.7692 23.544
38.4887 64.8846 23.767
39.0 66.0 23.0
43.3993 68.7663 26.5385
45.0 70.0 26.0
45.0 70.0 29.0
37.6924 64.9898 21.6876
37.85 65.7415 20.9083
38.8787 67.6545 18.387
39.0 68.0 15.0
40.159 70.542 16.0919
41.4393 74.4432 12.7829
44.142 77.9328 10.747
44.0 80.0 8.0
46.571 79.2634 9.85866
49.0 81.0 11.0
49.1929 80.3777 8.52968
51.1792 82.1277 5.92933
52.4313 82.8998 5.34313
53.5204 83.4818 4.947
55.2151 84.1893 3.96466
57.0 84.0 2.0
63.3391 90.5701 2.72618
67.0 91.0 0.0
69.0 99.0 5.0
56.0 89.0 6.0
53.0 85.0 3.0
50.0 88.0 3.0
57.0 79.0 11.0
42.2752 75.4995 9.89144
41.8304 77.4964 8.54513
42.1376 78.8164 7.12361
42.0 81.0 7.0
42.0947 81.4082 3.56181
42.0 84.0 0.0
45.0 82.0 0.0
40.5904 81.167 9.19137
36.0 84.0 9.0
42.0 88.0 11.0
45.3821 75.2165 5.60129
46.0 74.0 1.0
48.0 76.0 5.0
44.1594 72.3121 17.9517
44.8468 72.9779 18.339
46.0 74.0 22.0
51.0 76.0 18.0
47.0 72.0 18.0
31.0 74.0 24.0
39.0 63.0 19.0
44.0 62.0 27.0
35.6626 64.0952 26.2867
35.0 65.0 26.0
36.0 66.0 28.0
34.4874 56.3989 15.8842
34.0 56.0 15.0
34.0 54.0 8.0
27.0 59.0 40.0
26.8859 58.2369 52.619
30.0317 55.6507 57.1724
31.0 55.0 61.0
34.0 52.0 60.0
24.0 62.0 55.0
23.0 70.0 47.0
20.678 59.4136 34.6395
23.0 61.0 31.0
20.1448 59.4652 32.8411
19.6116 59.5168 30.591
18.5452 59.8141 26.7369
18.2165 59.2023 24.2908
17.8877 58.5905 21.2828
18.3084 57.1466 18.7781
19.339 56.3125 16.8832
18.8478 58.8111 12.6723
17.2916 61.3097 8.46138
18.0614 62.5705 7.14631
18.0 63.0 5.0
25.0 72.0 2.0
15.9542 62.8517 4.82128
14.3964 63.6202 3.8792
13.8601 64.3886 3.44792
13.0 65.0 3.0
12.0 66.0 2.0
10.0 63.0 2.0
17.0 63.0 1.0
28.0 58.0 3.0
18.7432 53.7341 14.1564
18.3475 53.1828 13.3461
17.8034 52.3595 12.4615
17.5341 51.252 10.1095
17.3928 50.6563 9.16485
20.0 45.0 6.0
14.7071 48.6472 6.79544
13.2735 48.3236 2.76777
11.0 48.0 0.0
14.0 48.0 1.0
12.4961 46.9669 7.11189
12.0 43.0 8.0
6.78096 47.3218 6.50804
5.24697 46.3739 6.82348
4.0 46.0 8.0
4.0 45.0 6.0
3.0 49.0 4.0
18.0 52.0 8.0
14.8057 47.2854 13.6169
12.7965 46.0295 13.7676
11.808 44.7735 13.9182
12.0 42.0 14.0
8.65404 43.6368 15.4591
7.0 43.0 15.0
5.32702 43.4809 16.8087
2.0 41.0 21.0
0.0 47.0 15.0
7.0 48.0 13.0
17.0 40.0 17.0
18.1799 53.9268 12.0084
19.0 55.0 11.0
16.2784 54.4634 10.6395
16.0 55.0 9.0
13.0 55.0 10.0
24.0387 49.6243 12.7904
24.8891 48.6273 11.4225
27.0 47.0 11.0
25.0 48.0 8.0
29.0 46.0 14.0
16.0 54.0 16.0
13.6976 60.2953 16.6414
12.761 60.4826 16.011
11.2425 60.5245 15.2351
10.1671 60.7537 13.139
9.0 62.0 12.0
7.21288 61.2475 10.8518
6.0 60.0 9.0
1.0 65.0 7.0
1.0 59.0 17.0
15.0 63.0 13.0
14.0 61.0 15.0
12.0 57.0 24.0
15.1614 68.3039 21.2652
12.9038 69.6497 19.3787
11.2622 70.9955 17.4921
9.19708 72.3413 16.1419
7.132 73.6872 13.873
6.05669 73.9751 13.9317
4.98139 74.6744 13.9904
2.0 74.0 13.0
0.0 80.0 16.0
3.0 71.0 14.0
6.71406 75.8927 12.0891
6.29613 78.0983 10.9048
6.15319 80.4308 7.93652
1.0 83.0 2.0
7.56802 84.6528 6.24227
8.4031 87.7154 3.96826
10.5972 94.0447 1.68558
11.0 95.0 0.0
12.0 98.0 2.0
5.20155 92.3649 3.46244
2.0 98.0 0.0
4.0 93.0 6.0
9.0 88.0 9.0
1.96802 86.4093 15.3125
0.0 90.0 15.0
0.0 89.0 20.0
7.29904 74.1 8.52571
10.0 74.0 2.0
6.0 71.0 7.0
4.79445 77.6707 21.1603
2.0 83.0 26.0
2.0 78.0 23.0
13.0 75.0 12.0
3.0 65.0 25.0
18.1621 74.6519 17.6242
17.8852 76.7821 16.9422
17.6418 77.77 17.311
19.0 81.0 18.0
15.0 78.0 17.0
16.0 79.0 14.0
19.1961 76.0598 16.9767
19.9789 77.7188 16.3293
21.0342 79.6651 14.5622
21.7957 81.6114 13.3829
26.9987 86.1872 5.77044
29.0 85.0 2.0
31.0 93.0 2.0
23.3908 94.3617 14.6984
26.0 99.0 15.0
21.0 99.0 16.0
21.104 78.8325 11.3101
24.0 78.0 9.0
18.0 77.0 4.0
24.0 81.0 21.0
29.0 74.0 13.0
21.0 57.0 29.0
16.0 70.0 33.0
19.1756 51.6737 46.3261
20.0 44.0 47.0
22.0 51.0 46.0
11.4488 60.2246 48.1216
11.3491 61.4591 48.3884
10.0847 72.1234 49.015
10.1177 74.6415 47.4963
10.72 77.1597 45.9776
11.1361 77.7995 45.2102
11.3553 78.4394 44.4428
12.0 81.0 43.0
12.7037 79.9312 42.3984
16.2792 84.7638 38.1268
16.9856 86.8236 36.4217
17.692 90.4499 34.0451
15.0867 93.6385 30.9361
16.0 98.0 29.0
5.0 99.0 21.0
22.846 91.8293 31.0226
24.8796 94.458 30.5981
28.0 96.0 28.0
26.0 99.0 32.0
26.1385 89.0294 30.5113
28.0 87.0 30.0
29.0 87.0 31.0
19.0 86.0 34.0
27.0 83.0 33.0
10.0 75.0 35.0
15.0 78.0 44.0
9.08141 81.9423 46.1126
8.71666 82.9963 46.4074
8.35191 86.7249 46.7022
5.98382 90.6774 47.4269
5.0 92.0 47.0
5.31004 92.9299 46.4865
4.0 99.0 50.0
3.47326 94.0786 41.6524
4.0 97.0 38.0
1.0 93.0 39.0
13.0 93.0 45.0
1.0 83.0 51.0
7.76116 82.4711 44.5139
4.0 83.0 44.0
7.0 84.0 39.0
2.0 76.0 46.0
9.7609 74.9306 51.663
9.62152 76.8157 53.5733
7.43491 81.508 58.1315
6.56368 82.952 58.7751
5.41664 84.5142 59.8128
5.43115 85.6162 60.6535
4.73536 86.7182 61.4941
3.0 90.0 61.0
5.27292 89.4582 65.0444
1.0 93.0 71.0
10.0 93.0 68.0
10.0 90.0 62.0
1.0 86.0 59.0
7.0 85.0 57.0
7.29404 81.7923 61.8737
9.0 83.0 64.0
6.35353 82.3693 66.9764
5.41302 81.3961 68.9789
4.0 81.0 70.0
6.0 82.0 72.0
8.0 86.0 71.0
16.5883 82.675 57.2705
19.6097 83.2738 59.6526
21.0 84.0 60.0
24.0 87.0 63.0
18.2941 86.1463 55.4819
20.0 95.0 56.0
21.0 87.0 50.0
7.0 78.0 52.0
12.0 63.0 53.0
8.0 63.0 44.0
7.07136 56.2522 43.3601
6.71864 57.2302 42.2587
5.68573 58.2783 37.4454
6.0 60.0 36.0
4.0 57.0 33.0
3.0 60.0 42.0
5.0 55.0 41.0
6.5388 54.3507 51.5421
6.94628 55.2419 53.5578
7.35375 56.133 55.5735
8.96601 59.4389 62.4282
9.71182 61.169 63.9123
10.4576 63.8938 65.8938
11.9492 67.745 69.3594
14.0334 68.5708 74.4637
16.9719 70.0374 82.3446
17.2506 68.2246 84.9959
15.5498 67.0839 88.4037
14.0 67.0 90.0
13.273 66.213 91.529
12.0 63.0 98.0
8.9686 67.5393 92.7011
5.0 69.0 93.0
6.0 67.0 95.0
20.5232 61.2359 89.2076
21.8743 59.371 91.4979
25.5543 57.5898 94.3447
26.0 55.0 98.0
35.0 57.0 96.0
26.0 49.0 96.0
22.0 54.0 86.0
20.8604 71.845 85.2548
24.7488 73.2184 88.165
27.3506 74.3295 91.9154
28.0 77.0 95.0
29.0478 75.2122 92.2858
32.1753 74.6647 92.6562
34.5876 74.1579 94.0038
37.0 75.0 97.0
38.0 71.0 93.0
36.4548 76.0911 90.2861
39.0 76.0 89.0
38.0 78.0 89.0
31.5767 80.8085 93.6528
34.1057 82.897 94.1429
34.0 88.0 96.0
48.4525 91.777 97.4857
50.0 97.0 99.0
50.432 91.62 97.1927
55.0786 91.1074 97.4332
63.0 94.0 99.0
58.0 88.0 96.0
51.0 93.0 94.0
27.0 91.0 99.0
31.0046 75.8337 85.8146
34.0 77.0 86.0
37.0 79.0 81.0
21.3822 73.2719 84.6754
21.0 75.0 85.0
25.0 78.0 81.0
14.0 67.0 75.0
12.8991 69.8831 70.4924
14.3432 72.5154 71.7352
16.9746 78.3546 75.1797
17.1729 80.1578 75.8951
17.3335 82.3373 76.9491
17.3304 83.5986 77.6513
17.3273 84.8599 78.3535
18.5313 87.3177 78.3508
17.68 89.7755 78.348
19.3655 92.2925 79.2417
20.7799 94.2675 81.0838
22.0 95.0 81.0
23.0 98.0 85.0
21.0 95.0 77.0
13.2629 93.7943 79.174
13.0 99.0 80.0
7.63396 95.8343 80.7779
1.0 98.0 81.0
7.0 96.0 82.0
23.8363 90.35 78.0453
26.629 91.2289 79.1754
35.309 94.4639 78.8888
37.0 97.0 80.0
45.0 95.0 76.0
26.0 89.0 81.0
25.6476 91.2403 75.0637
26.8077 94.1201 73.0318
28.0 97.0 71.0
25.0 97.0 72.0
29.0 88.0 69.0
12.861 86.1272 84.2227
12.5684 87.6752 88.199
11.4937 89.2232 90.6113
13.0 92.0 97.0
5.9573 93.5788 94.2728
3.0 96.0 96.0
0.0 99.0 99.0
18.0 86.0 95.0
1.0 85.0 88.0
23.0 82.0 84.0
20.0 85.0 76.0
20.0 82.0 71.0
19.0 75.0 75.0
15.7158 72.6895 70.5529
16.0825 73.3666 68.8676
18.0 74.0 66.0
15.0 76.0 67.0
20.6058 71.8447 68.8716
25.0 71.0 70.0
26.0 71.0 63.0
7.68615 71.6324 74.2004
4.0 73.0 76.0
3.0 74.0 79.0
12.8546 67.4469 65.3343
13.0 71.0 65.0
15.0 68.0 65.0
14.8649 59.6095 63.9859
16.7869 58.05 64.0596
22.0 57.0 64.0
21.3486 56.0101 65.9999
23.0 53.0 66.0
28.0 56.0 71.0
22.0 65.0 66.0
8.35878 58.1356 66.1443
8.66079 57.7417 68.0419
8.12859 57.3264 71.4988
8.20676 57.1187 72.5757
7.80669 57.0149 73.9357
7.63338 56.9111 74.9557
7.4902 56.2367 75.7397
7.72402 55.5622 76.5238
7.47466 54.3833 78.0919
8.15817 52.9492 80.2093
8.0 50.0 83.0
9.0 53.0 81.0
7.07484 53.6917 85.151
4.0 53.0 89.0
9.0 54.0 88.0
10.0 54.0 77.0
1.0 55.0 78.0
6.49169 62.5555 83.0528
6.0 63.0 84.0
6.0 65.0 85.0
4.0 58.0 75.0
16.0 57.0 75.0
2.0 62.0 73.0
13.0 51.0 69.0
1.0 50.0 68.0
1.0 58.0 60.0
14.0 56.0 56.0
2.0 62.0 48.0
3.25658 47.9723 52.1105
4.82369 45.1819 54.536
6.39081 42.6763 56.6769
7.95792 40.1707 58.8177
10.3479 37.6036 61.7674
12.7379 35.0366 64.9735
12.0756 32.2631 70.2823
12.7223 29.3564 71.5231
13.3689 23.6226 75.5911
16.7291 13.6919 75.915
15.77 9.29903 75.3185
13.0755 5.48462 76.4575
14.0 3.0 77.0
7.0 0.0 76.0
20.0 2.0 70.0
26.0 9.0 74.0
14.1411 21.6997 83.0937
13.6845 21.0055 86.2955
13.8374 20.5028 91.6478
14.0 20.0 97.0
10.0 19.0 97.0
12.8434 17.9023 88.448
19.0 12.0 92.0
7.40235 12.5758 93.0606
0.0 3.0 98.0
8.0 14.0 93.0
21.0 19.0 86.0
12.6877 25.6782 68.8483
15.1141 22.7582 64.5325
17.0 22.0 64.0
15.0 21.0 61.0
9.09386 22.2855 67.692
7.0 19.0 66.0
8.0 22.0 68.0
10.186 33.5767 77.5478
9.66043 34.0789 79.7512
9.13488 34.5811 80.8819
8.71564 34.6581 81.9168
8.2964 34.735 85.2791
7.14227 35.6569 88.5234
6.67347 36.4578 91.7677
5.85695 38.4738 94.4588
3.0 41.0 98.0
7.0 39.0 95.0
8.0 35.0 96.0
2.0 38.0 91.0
10.0 31.0 93.0
4.85782 30.329 82.0553
1.0 26.0 82.0
0.0 29.0 88.0
6.0 40.0 82.0
14.0 32.0 85.0
7.0 37.0 77.0
17.2429 34.1752 68.447
18.9778 33.6773 69.5989
20.3097 33.3138 70.4822
27.8815 32.0141 75.991
28.0817 32.4584 77.3348
29.5543 33.5389 79.792
29.4408 33.2775 81.8068
31.0 33.0 83.0
29.5425 33.3 83.4639
29.6441 32.585 85.1209
28.6846 33.41 87.0605
29.0 35.0 89.0
20.0 36.0 98.0
29.1262 28.275 89.7213
30.5631 27.1375 91.7348
31.0469 26.2819 93.3674
32.0 26.0 95.0
31.0 22.0 99.0
34.0 26.0 91.0
25.0 23.0 92.0
29.1943 38.3616 88.3666
26.0 42.0 89.0
32.0 44.0 97.0
38.4886 36.7695 86.1075
41.0 40.0 86.0
43.0 36.0 92.0
24.0408 32.1709 81.4007
20.0 32.0 85.0
19.0 29.0 89.0
35.5832 28.0345 78.8162
39.4554 26.3321 80.1087
42.8559 24.9127 81.2125
45.0888 25.6567 81.9606
50.7146 26.4007 84.5937
57.4952 28.1582 89.3226
60.3191 26.8691 90.49
65.0004 25.5799 91.6573
69.1764 23.0645 96.0541
69.0 22.0 99.0
71.5352 20.8675 96.7505
77.0 21.0 99.0
77.0 8.0 96.0
67.9585 25.6879 90.9545
72.9883 25.6075 90.8168
76.5354 23.0408 89.4084
79.0 23.0 88.0
78.0 20.0 89.0
75.4235 27.4233 91.4084
76.0 28.0 92.0
80.0 31.0 91.0
69.0 26.0 88.0
57.0 24.0 99.0
59.4192 30.1574 90.0382
61.5198 31.2732 90.9305
63.6171 32.8462 90.9966
66.0 37.0 90.0
66.0 33.0 93.0
62.0 32.0 93.0
58.6249 32.7365 89.446
59.0 34.0 89.0
56.8125 37.5811 89.9359
55.0 40.0 88.0
56.0 42.0 93.0
60.2585 23.1713 80.7969
61.8884 21.8447 78.1575
65.0 22.0 77.0
62.0 18.0 73.0
67.6104 17.2516 79.6211
73.781 16.6178 79.2864
77.0 15.0 76.0
78.4563 15.7431 82.2089
81.0 17.0 83.0
86.0 11.0 89.0
67.9305 13.75 79.437
69.0 8.0 83.0
67.0 9.0 75.0
47.2131 28.7659 80.7367
48.5796 31.6225 79.5128
48.7591 33.6146 79.0519
49.0 37.0 75.0
54.0 40.0 80.0
59.0 34.0 74.0
50.0 29.0 81.0
45.0981 21.2986 81.6343
46.4789 19.0381 81.81
47.9152 18.1454 79.8225
48.6273 17.1078 79.2835
49.0 15.0 78.0
52.8602 15.4049 75.9399
56.0 14.0 72.0
54.0 15.0 76.0
52.0 22.0 70.0
47.0039 17.723 82.5973
47.529 16.4079 83.3845
49.4289 14.6275 84.1092
50.9039 13.0281 86.3514
52.3789 12.1633 89.3281
54.0 7.0 90.0
54.0249 11.7461 90.4866
55.0 12.0 95.0
60.5125 9.36878 92.1617
67.0 7.0 94.0
66.1129 5.88868 91.0808
68.0 4.0 90.0
75.0 1.0 90.0
50.9519 7.59544 86.5182
51.0 3.0 86.0
51.0 5.0 88.0
52.6866 11.8002 81.8185
52.8334 9.04315 80.8613
52.823 5.39499 79.9042
57.0 0.0 79.0
48.0 0.0 78.0
54.0 9.0 80.0
58.0 13.0 79.0
46.2286 14.931 86.7213
45.9044 14.7557 87.7803
42.2389 5.48978 92.4181
37.0 0.0 98.0
43.0 2.0 92.0
45.0 19.0 99.0
45.0 8.0 90.0
41.0 13.0 80.0
47.0 20.0 83.0
40.0 23.0 82.0
33.0 20.0 83.0
22.8945 29.7529 67.3283
25.4794 26.192 66.1709
30.5316 23.4708 67.144
32.345 21.9928 67.5425
33.7476 20.7495 68.117
34.6431 18.8748 67.0585
41.0 17.0 66.0
37.73 13.2513 64.6882
38.2631 11.2871 62.7443
38.7961 9.93738 62.0293
38.0 1.0 57.0
49.0 2.0 61.0
37.455 10.3053 56.6662
38.0 10.0 56.0
36.0 10.0 52.0
44.0 8.0 68.0
36.0 18.0 72.0
35.0 21.0 65.0
32.5747 24.4825 66.1338
39.0 29.0 66.0
34.0 24.0 63.0
24.8537 18.5258 60.8135
23.1672 17.7629 58.4261
23.0 17.0 53.0
18.0 16.0 57.0
25.0795 16.6301 61.2565
25.3052 14.7344 61.564
25.307 10.0436 60.9653
26.0 3.0 58.0
24.0 2.0 66.0
28.0 12.0 67.0
22.0 14.0 67.0
23.0 29.0 54.0
20.0 30.0 74.0
19.117 36.3361 69.8806
22.9304 39.7898 70.0212
23.0 44.0 73.0
35.0 46.0 70.0
18.0 40.0 78.0
14.9575 37.1741 59.5755
17.5021 36.7445 57.3837
19.0 34.0 53.0
25.9793 38.6179 57.0647
27.0 39.0 56.0
30.0 39.0 59.0
20.0 39.0 62.0
7.53076 36.9995 58.8273
7.16319 34.9011 58.7773
8.08159 29.2402 61.3887
9.0 27.0 64.0
8.0 28.0 61.0
6.04834 32.6187 55.7373
3.98034 29.5022 52.1015
3.18687 27.6874 50.2045
3.37537 25.223 49.8608
3.74514 21.4897 48.2483
1.0 16.0 47.0
7.03067 18.527 46.5527
7.59561 17.1966 45.4011
9.0 15.0 45.0
10.9806 13.4424 41.3081
12.0 13.0 41.0
13.0 10.0 38.0
16.0 16.0 48.0
2.83905 20.194 55.1507
3.0 19.0 58.0
1.91952 13.9514 57.0025
1.0 12.0 61.0
1.0 3.0 56.0
3.07375 28.3371 45.6022
0.0 28.0 41.0
7.0 31.0 40.0
2.0 31.0 49.0
11.0 33.0 51.0
8.0 35.0 60.0
14.0 46.0 55.0
1.0 39.0 56.0
4.0 43.0 48.0
